# Created by Octave 4.2.2, Sun Dec 12 19:30:42 2021 CST <lqg@qiguanglin-LC1>
# name: timeRA
# type: matrix
# rows: 1
# columns: 50
 0.002569913864135742 0.002110004425048828 0.001775026321411133 0.001435041427612305 0.002646923065185547 0.002231121063232422 0.002066850662231445 0.002404928207397461 0.002408027648925781 0.00178980827331543 0.002126932144165039 0.001534223556518555 0.001780986785888672 0.002137899398803711 0.002002954483032227 0.001336097717285156 0.002275943756103516 0.002163887023925781 0.001517057418823242 0.001374959945678711 0.001350879669189453 0.002072811126708984 0.00140690803527832 0.002471923828125 0.002492904663085938 0.001502037048339844 0.001888036727905273 0.0019989013671875 0.001550912857055664 0.002127170562744141 0.001929998397827148 0.001863956451416016 0.001600980758666992 0.001513004302978516 0.002213954925537109 0.001603841781616211 0.002094030380249023 0.002493143081665039 0.001720905303955078 0.001266002655029297 0.001595973968505859 0.001750946044921875 0.001348018646240234 0.001449108123779297 0.00181889533996582 0.002135992050170898 0.001931905746459961 0.002102851867675781 0.001513957977294922 0.001492023468017578


