# Created by Octave 4.2.2, Sun Dec 12 19:30:42 2021 CST <lqg@qiguanglin-LC1>
# name: timeDJ
# type: matrix
# rows: 1
# columns: 50
 0.00357508659362793 0.002261877059936523 0.002312898635864258 0.002074003219604492 0.002279996871948242 0.002249002456665039 0.002215147018432617 0.002180099487304688 0.002190828323364258 0.002074003219604492 0.002209186553955078 0.002053022384643555 0.002088069915771484 0.002168178558349609 0.002162933349609375 0.002029895782470703 0.002235889434814453 0.002091884613037109 0.002111196517944336 0.002110004425048828 0.002074003219604492 0.002159833908081055 0.002018928527832031 0.002406120300292969 0.002327203750610352 0.002110004425048828 0.00208592414855957 0.002226829528808594 0.002107858657836914 0.002189874649047852 0.002161026000976562 0.002149105072021484 0.002280950546264648 0.002151966094970703 0.002128839492797852 0.002123117446899414 0.002197980880737305 0.002274036407470703 0.002142906188964844 0.002058029174804688 0.002094030380249023 0.002238035202026367 0.002021074295043945 0.001980066299438477 0.00220489501953125 0.002219915390014648 0.002250909805297852 0.002215862274169922 0.002064943313598633 0.002009868621826172


