# Created by Octave 4.2.2, Sun Dec 12 19:30:42 2021 CST <lqg@qiguanglin-LC1>
# name: avgPaths
# type: scalar
85


