# Created by Octave 4.2.2, Mon Dec 13 20:30:28 2021 CST <lqg@qiguanglin-LC1>
# name: Map
# type: matrix
# rows: 521
# columns: 3
 1 3 1
 1 4 1
 1 5 1
 1 7 1
 1 11 1
 1 13 1
 1 17 1
 1 18 1
 1 21 1
 1 22 1
 1 23 1
 1 24 1
 1 25 1
 1 26 1
 1 27 1
 1 29 1
 1 30 1
 2 4 1
 2 5 1
 2 6 1
 2 7 1
 2 8 1
 2 10 1
 2 12 1
 2 13 1
 2 14 1
 2 16 1
 2 17 1
 2 18 1
 2 21 1
 2 22 1
 2 23 1
 2 24 1
 2 25 1
 2 26 1
 2 27 1
 3 1 1
 3 2 1
 3 4 1
 3 5 1
 3 7 1
 3 8 1
 3 9 1
 3 10 1
 3 15 1
 3 17 1
 3 19 1
 3 20 1
 3 21 1
 3 22 1
 3 23 1
 3 27 1
 3 28 1
 3 30 1
 4 1 1
 4 3 1
 4 9 1
 4 11 1
 4 12 1
 4 14 1
 4 15 1
 4 16 1
 4 17 1
 4 18 1
 4 20 1
 4 22 1
 4 25 1
 4 27 1
 4 28 1
 4 29 1
 5 1 1
 5 2 1
 5 4 1
 5 6 1
 5 8 1
 5 9 1
 5 10 1
 5 11 1
 5 12 1
 5 13 1
 5 14 1
 5 15 1
 5 16 1
 5 18 1
 5 21 1
 5 23 1
 5 24 1
 5 26 1
 5 27 1
 5 30 1
 6 2 1
 6 4 1
 6 5 1
 6 8 1
 6 10 1
 6 11 1
 6 13 1
 6 14 1
 6 15 1
 6 19 1
 6 20 1
 6 21 1
 6 22 1
 6 23 1
 6 24 1
 6 26 1
 6 29 1
 7 4 1
 7 8 1
 7 9 1
 7 10 1
 7 11 1
 7 12 1
 7 13 1
 7 15 1
 7 16 1
 7 17 1
 7 18 1
 7 19 1
 7 20 1
 7 22 1
 7 24 1
 7 25 1
 7 26 1
 7 27 1
 7 28 1
 7 30 1
 8 1 1
 8 2 1
 8 3 1
 8 5 1
 8 6 1
 8 7 1
 8 10 1
 8 11 1
 8 12 1
 8 14 1
 8 15 1
 8 16 1
 8 17 1
 8 18 1
 8 20 1
 8 21 1
 8 25 1
 8 26 1
 8 28 1
 8 29 1
 8 30 1
 9 1 1
 9 8 1
 9 10 1
 9 11 1
 9 14 1
 9 16 1
 9 17 1
 9 18 1
 9 19 1
 9 20 1
 9 21 1
 9 24 1
 9 25 1
 9 27 1
 9 28 1
 9 30 1
 10 2 1
 10 4 1
 10 5 1
 10 6 1
 10 9 1
 10 11 1
 10 12 1
 10 13 1
 10 14 1
 10 16 1
 10 18 1
 10 22 1
 10 23 1
 10 25 1
 10 27 1
 10 28 1
 10 29 1
 11 1 1
 11 2 1
 11 4 1
 11 5 1
 11 6 1
 11 7 1
 11 8 1
 11 9 1
 11 10 1
 11 14 1
 11 15 1
 11 20 1
 11 24 1
 11 26 1
 11 29 1
 11 30 1
 12 1 1
 12 6 1
 12 7 1
 12 9 1
 12 10 1
 12 11 1
 12 14 1
 12 15 1
 12 17 1
 12 18 1
 12 19 1
 12 20 1
 12 24 1
 12 25 1
 12 26 1
 12 28 1
 12 30 1
 13 1 1
 13 3 1
 13 4 1
 13 5 1
 13 6 1
 13 7 1
 13 8 1
 13 9 1
 13 14 1
 13 16 1
 13 17 1
 13 18 1
 13 20 1
 13 22 1
 13 24 1
 13 27 1
 13 28 1
 13 30 1
 14 2 1
 14 3 1
 14 6 1
 14 7 1
 14 9 1
 14 10 1
 14 11 1
 14 12 1
 14 13 1
 14 16 1
 14 17 1
 14 23 1
 14 24 1
 14 25 1
 14 27 1
 14 28 1
 14 29 1
 14 30 1
 15 1 1
 15 2 1
 15 3 1
 15 4 1
 15 6 1
 15 8 1
 15 10 1
 15 11 1
 15 12 1
 15 16 1
 15 19 1
 15 22 1
 15 24 1
 15 25 1
 15 26 1
 15 27 1
 15 28 1
 15 29 1
 15 30 1
 16 3 1
 16 4 1
 16 5 1
 16 6 1
 16 8 1
 16 10 1
 16 13 1
 16 14 1
 16 15 1
 16 17 1
 16 19 1
 16 20 1
 16 23 1
 16 25 1
 16 26 1
 16 27 1
 16 28 1
 17 3 1
 17 5 1
 17 6 1
 17 7 1
 17 8 1
 17 12 1
 17 15 1
 17 18 1
 17 19 1
 17 21 1
 17 23 1
 17 27 1
 17 28 1
 17 29 1
 17 30 1
 18 1 1
 18 3 1
 18 4 1
 18 6 1
 18 8 1
 18 10 1
 18 11 1
 18 13 1
 18 14 1
 18 16 1
 18 20 1
 18 21 1
 18 23 1
 18 24 1
 18 26 1
 18 30 1
 19 3 1
 19 4 1
 19 5 1
 19 6 1
 19 8 1
 19 10 1
 19 12 1
 19 14 1
 19 16 1
 19 17 1
 19 22 1
 19 24 1
 19 26 1
 19 27 1
 19 28 1
 19 29 1
 20 2 1
 20 4 1
 20 8 1
 20 9 1
 20 11 1
 20 12 1
 20 13 1
 20 15 1
 20 16 1
 20 18 1
 20 19 1
 20 21 1
 20 24 1
 20 25 1
 20 27 1
 20 28 1
 20 29 1
 20 30 1
 21 1 1
 21 6 1
 21 7 1
 21 10 1
 21 11 1
 21 12 1
 21 14 1
 21 16 1
 21 17 1
 21 23 1
 21 25 1
 21 26 1
 21 27 1
 21 30 1
 22 1 1
 22 2 1
 22 3 1
 22 4 1
 22 5 1
 22 6 1
 22 7 1
 22 9 1
 22 11 1
 22 12 1
 22 13 1
 22 16 1
 22 18 1
 22 20 1
 22 21 1
 22 23 1
 22 25 1
 22 26 1
 22 28 1
 23 1 1
 23 2 1
 23 4 1
 23 8 1
 23 9 1
 23 11 1
 23 12 1
 23 15 1
 23 17 1
 23 18 1
 23 19 1
 23 20 1
 23 25 1
 23 26 1
 23 27 1
 23 28 1
 23 30 1
 24 2 1
 24 3 1
 24 5 1
 24 7 1
 24 8 1
 24 13 1
 24 15 1
 24 16 1
 24 17 1
 24 25 1
 24 29 1
 24 30 1
 25 2 1
 25 3 1
 25 4 1
 25 5 1
 25 9 1
 25 10 1
 25 11 1
 25 12 1
 25 13 1
 25 14 1
 25 15 1
 25 16 1
 25 17 1
 25 18 1
 25 20 1
 25 21 1
 25 22 1
 25 26 1
 25 27 1
 25 28 1
 25 29 1
 26 1 1
 26 2 1
 26 4 1
 26 5 1
 26 6 1
 26 12 1
 26 16 1
 26 17 1
 26 18 1
 26 19 1
 26 20 1
 26 23 1
 26 24 1
 26 25 1
 26 27 1
 27 1 1
 27 5 1
 27 6 1
 27 7 1
 27 8 1
 27 11 1
 27 12 1
 27 13 1
 27 14 1
 27 15 1
 27 16 1
 27 18 1
 27 19 1
 27 20 1
 27 22 1
 27 23 1
 27 25 1
 27 29 1
 28 4 1
 28 5 1
 28 6 1
 28 8 1
 28 10 1
 28 13 1
 28 14 1
 28 15 1
 28 18 1
 28 21 1
 28 22 1
 28 26 1
 28 27 1
 28 30 1
 29 1 1
 29 3 1
 29 4 1
 29 5 1
 29 6 1
 29 8 1
 29 9 1
 29 10 1
 29 12 1
 29 14 1
 29 15 1
 29 16 1
 29 17 1
 29 19 1
 29 25 1
 29 26 1
 29 27 1
 29 28 1
 30 1 1
 30 2 1
 30 4 1
 30 5 1
 30 6 1
 30 7 1
 30 8 1
 30 9 1
 30 10 1
 30 11 1
 30 13 1
 30 14 1
 30 15 1
 30 16 1
 30 18 1
 30 20 1
 30 21 1
 30 24 1
 30 25 1
 30 26 1
 30 27 1
 30 28 1


