# Created by Octave 4.2.2, Mon Dec 13 20:30:22 2021 CST <lqg@qiguanglin-LC1>
# name: Map
# type: matrix
# rows: 52
# columns: 3
 1 4 1
 1 8 1
 1 9 1
 1 10 1
 2 3 1
 2 7 1
 2 8 1
 2 9 1
 3 1 1
 3 2 1
 3 4 1
 3 5 1
 3 6 1
 3 8 1
 3 9 1
 3 10 1
 4 1 1
 4 5 1
 4 7 1
 4 9 1
 4 10 1
 5 2 1
 5 3 1
 5 4 1
 5 6 1
 5 8 1
 5 9 1
 6 1 1
 6 2 1
 6 3 1
 6 4 1
 6 5 1
 6 7 1
 6 8 1
 6 9 1
 7 1 1
 7 8 1
 7 9 1
 8 4 1
 8 5 1
 8 6 1
 8 7 1
 8 10 1
 9 2 1
 9 4 1
 9 6 1
 9 10 1
 10 1 1
 10 2 1
 10 5 1
 10 6 1
 10 7 1


