# Created by Octave 4.2.2, Mon Dec 13 20:30:36 2021 CST <lqg@qiguanglin-LC1>
# name: Map
# type: matrix
# rows: 986
# columns: 3
 1 2 1
 1 4 1
 1 5 1
 1 6 1
 1 7 1
 1 8 1
 1 9 1
 1 10 1
 1 11 1
 1 12 1
 1 13 1
 1 14 1
 1 17 1
 1 18 1
 1 19 1
 1 22 1
 1 24 1
 1 25 1
 1 26 1
 1 30 1
 1 32 1
 1 33 1
 1 34 1
 1 36 1
 1 37 1
 2 1 1
 2 3 1
 2 4 1
 2 5 1
 2 8 1
 2 10 1
 2 11 1
 2 12 1
 2 17 1
 2 19 1
 2 20 1
 2 21 1
 2 22 1
 2 24 1
 2 25 1
 2 26 1
 2 27 1
 2 28 1
 2 29 1
 2 30 1
 2 31 1
 2 34 1
 2 35 1
 2 36 1
 2 37 1
 2 39 1
 2 40 1
 3 1 1
 3 4 1
 3 5 1
 3 7 1
 3 8 1
 3 9 1
 3 10 1
 3 12 1
 3 13 1
 3 14 1
 3 15 1
 3 16 1
 3 17 1
 3 18 1
 3 22 1
 3 23 1
 3 24 1
 3 25 1
 3 26 1
 3 27 1
 3 28 1
 3 29 1
 3 30 1
 3 31 1
 3 32 1
 3 33 1
 3 34 1
 3 35 1
 3 37 1
 3 39 1
 3 40 1
 4 2 1
 4 3 1
 4 5 1
 4 7 1
 4 8 1
 4 9 1
 4 10 1
 4 11 1
 4 12 1
 4 13 1
 4 14 1
 4 15 1
 4 17 1
 4 18 1
 4 20 1
 4 21 1
 4 23 1
 4 27 1
 4 30 1
 4 31 1
 4 33 1
 4 34 1
 4 36 1
 4 37 1
 4 38 1
 5 1 1
 5 2 1
 5 4 1
 5 6 1
 5 7 1
 5 8 1
 5 9 1
 5 10 1
 5 11 1
 5 12 1
 5 15 1
 5 16 1
 5 19 1
 5 20 1
 5 21 1
 5 24 1
 5 25 1
 5 27 1
 5 31 1
 5 32 1
 5 35 1
 5 36 1
 5 37 1
 5 38 1
 5 40 1
 6 1 1
 6 2 1
 6 3 1
 6 4 1
 6 8 1
 6 11 1
 6 12 1
 6 14 1
 6 15 1
 6 17 1
 6 18 1
 6 19 1
 6 20 1
 6 21 1
 6 22 1
 6 25 1
 6 26 1
 6 29 1
 6 30 1
 6 31 1
 6 32 1
 6 33 1
 6 34 1
 6 35 1
 6 36 1
 6 39 1
 6 40 1
 7 3 1
 7 4 1
 7 6 1
 7 8 1
 7 9 1
 7 10 1
 7 13 1
 7 14 1
 7 17 1
 7 18 1
 7 21 1
 7 22 1
 7 23 1
 7 24 1
 7 25 1
 7 28 1
 7 30 1
 7 31 1
 7 33 1
 7 34 1
 7 35 1
 7 39 1
 8 2 1
 8 3 1
 8 4 1
 8 6 1
 8 7 1
 8 12 1
 8 13 1
 8 15 1
 8 16 1
 8 18 1
 8 19 1
 8 20 1
 8 21 1
 8 22 1
 8 23 1
 8 24 1
 8 25 1
 8 27 1
 8 29 1
 8 32 1
 8 33 1
 8 34 1
 8 38 1
 8 39 1
 8 40 1
 9 1 1
 9 3 1
 9 4 1
 9 5 1
 9 6 1
 9 10 1
 9 12 1
 9 14 1
 9 15 1
 9 16 1
 9 17 1
 9 19 1
 9 21 1
 9 23 1
 9 24 1
 9 28 1
 9 29 1
 9 30 1
 9 32 1
 9 34 1
 9 35 1
 9 36 1
 9 38 1
 9 39 1
 10 1 1
 10 3 1
 10 6 1
 10 7 1
 10 9 1
 10 12 1
 10 13 1
 10 15 1
 10 16 1
 10 18 1
 10 20 1
 10 23 1
 10 25 1
 10 26 1
 10 27 1
 10 28 1
 10 29 1
 10 31 1
 10 33 1
 10 34 1
 10 35 1
 10 36 1
 10 37 1
 10 39 1
 11 1 1
 11 3 1
 11 4 1
 11 5 1
 11 7 1
 11 8 1
 11 9 1
 11 12 1
 11 13 1
 11 14 1
 11 15 1
 11 16 1
 11 17 1
 11 18 1
 11 19 1
 11 20 1
 11 23 1
 11 25 1
 11 26 1
 11 28 1
 11 30 1
 11 31 1
 11 33 1
 11 34 1
 11 35 1
 11 39 1
 11 40 1
 12 1 1
 12 2 1
 12 3 1
 12 4 1
 12 5 1
 12 6 1
 12 7 1
 12 9 1
 12 11 1
 12 14 1
 12 17 1
 12 18 1
 12 20 1
 12 21 1
 12 22 1
 12 23 1
 12 24 1
 12 27 1
 12 29 1
 12 30 1
 12 31 1
 12 32 1
 12 33 1
 12 34 1
 12 35 1
 12 36 1
 12 37 1
 12 38 1
 13 1 1
 13 3 1
 13 4 1
 13 5 1
 13 7 1
 13 8 1
 13 11 1
 13 12 1
 13 15 1
 13 16 1
 13 18 1
 13 19 1
 13 20 1
 13 22 1
 13 23 1
 13 24 1
 13 27 1
 13 28 1
 13 29 1
 13 30 1
 13 32 1
 13 33 1
 13 36 1
 13 37 1
 13 38 1
 13 39 1
 13 40 1
 14 2 1
 14 3 1
 14 4 1
 14 5 1
 14 7 1
 14 8 1
 14 9 1
 14 10 1
 14 12 1
 14 13 1
 14 15 1
 14 16 1
 14 17 1
 14 18 1
 14 19 1
 14 24 1
 14 26 1
 14 29 1
 14 30 1
 14 32 1
 14 33 1
 14 34 1
 14 35 1
 14 38 1
 14 39 1
 15 4 1
 15 5 1
 15 6 1
 15 7 1
 15 8 1
 15 10 1
 15 11 1
 15 12 1
 15 13 1
 15 17 1
 15 18 1
 15 20 1
 15 21 1
 15 22 1
 15 23 1
 15 24 1
 15 26 1
 15 27 1
 15 29 1
 15 30 1
 15 31 1
 15 32 1
 15 33 1
 15 34 1
 15 35 1
 15 38 1
 15 40 1
 16 1 1
 16 2 1
 16 3 1
 16 4 1
 16 5 1
 16 6 1
 16 8 1
 16 9 1
 16 10 1
 16 11 1
 16 12 1
 16 14 1
 16 15 1
 16 18 1
 16 22 1
 16 24 1
 16 26 1
 16 28 1
 16 29 1
 16 31 1
 16 33 1
 16 35 1
 16 39 1
 16 40 1
 17 3 1
 17 4 1
 17 6 1
 17 7 1
 17 10 1
 17 11 1
 17 13 1
 17 14 1
 17 15 1
 17 16 1
 17 20 1
 17 21 1
 17 22 1
 17 23 1
 17 24 1
 17 25 1
 17 27 1
 17 28 1
 17 29 1
 17 30 1
 17 31 1
 17 33 1
 17 34 1
 17 35 1
 17 36 1
 17 37 1
 17 39 1
 18 1 1
 18 2 1
 18 3 1
 18 4 1
 18 6 1
 18 8 1
 18 9 1
 18 10 1
 18 11 1
 18 13 1
 18 14 1
 18 16 1
 18 17 1
 18 19 1
 18 22 1
 18 23 1
 18 25 1
 18 26 1
 18 27 1
 18 28 1
 18 30 1
 18 31 1
 18 32 1
 18 35 1
 18 36 1
 18 37 1
 18 39 1
 19 1 1
 19 3 1
 19 4 1
 19 5 1
 19 7 1
 19 9 1
 19 11 1
 19 12 1
 19 15 1
 19 20 1
 19 22 1
 19 23 1
 19 25 1
 19 26 1
 19 29 1
 19 31 1
 19 35 1
 19 37 1
 19 38 1
 20 1 1
 20 2 1
 20 4 1
 20 5 1
 20 6 1
 20 7 1
 20 8 1
 20 9 1
 20 11 1
 20 12 1
 20 13 1
 20 15 1
 20 18 1
 20 21 1
 20 25 1
 20 28 1
 20 29 1
 20 32 1
 20 33 1
 20 35 1
 20 37 1
 20 38 1
 20 39 1
 21 1 1
 21 2 1
 21 3 1
 21 5 1
 21 7 1
 21 8 1
 21 11 1
 21 12 1
 21 13 1
 21 15 1
 21 17 1
 21 19 1
 21 23 1
 21 25 1
 21 26 1
 21 27 1
 21 28 1
 21 30 1
 21 31 1
 21 32 1
 21 35 1
 21 36 1
 21 38 1
 21 39 1
 22 1 1
 22 4 1
 22 5 1
 22 6 1
 22 7 1
 22 8 1
 22 9 1
 22 10 1
 22 11 1
 22 12 1
 22 14 1
 22 15 1
 22 16 1
 22 17 1
 22 19 1
 22 21 1
 22 27 1
 22 29 1
 22 30 1
 22 31 1
 22 32 1
 22 33 1
 22 35 1
 22 38 1
 22 39 1
 22 40 1
 23 1 1
 23 2 1
 23 3 1
 23 4 1
 23 5 1
 23 6 1
 23 8 1
 23 13 1
 23 15 1
 23 17 1
 23 18 1
 23 20 1
 23 22 1
 23 24 1
 23 25 1
 23 26 1
 23 27 1
 23 33 1
 23 34 1
 23 35 1
 23 36 1
 23 38 1
 24 1 1
 24 5 1
 24 6 1
 24 7 1
 24 8 1
 24 9 1
 24 10 1
 24 13 1
 24 14 1
 24 15 1
 24 16 1
 24 18 1
 24 20 1
 24 21 1
 24 25 1
 24 26 1
 24 28 1
 24 31 1
 24 32 1
 24 33 1
 24 34 1
 24 35 1
 24 36 1
 24 38 1
 25 1 1
 25 2 1
 25 5 1
 25 6 1
 25 9 1
 25 11 1
 25 12 1
 25 13 1
 25 14 1
 25 22 1
 25 23 1
 25 26 1
 25 27 1
 25 28 1
 25 29 1
 25 30 1
 25 32 1
 25 33 1
 25 34 1
 25 36 1
 25 37 1
 25 39 1
 26 1 1
 26 2 1
 26 5 1
 26 6 1
 26 8 1
 26 11 1
 26 12 1
 26 13 1
 26 14 1
 26 15 1
 26 16 1
 26 17 1
 26 18 1
 26 20 1
 26 23 1
 26 24 1
 26 25 1
 26 27 1
 26 29 1
 26 31 1
 26 32 1
 26 35 1
 26 36 1
 26 37 1
 26 39 1
 26 40 1
 27 1 1
 27 2 1
 27 3 1
 27 4 1
 27 5 1
 27 9 1
 27 10 1
 27 12 1
 27 13 1
 27 16 1
 27 17 1
 27 21 1
 27 25 1
 27 26 1
 27 28 1
 27 29 1
 27 30 1
 27 31 1
 27 32 1
 27 33 1
 27 37 1
 27 38 1
 28 1 1
 28 5 1
 28 6 1
 28 8 1
 28 11 1
 28 12 1
 28 13 1
 28 14 1
 28 16 1
 28 17 1
 28 18 1
 28 22 1
 28 24 1
 28 25 1
 28 29 1
 28 32 1
 28 33 1
 28 35 1
 28 36 1
 28 37 1
 28 39 1
 29 3 1
 29 6 1
 29 7 1
 29 8 1
 29 10 1
 29 12 1
 29 13 1
 29 14 1
 29 19 1
 29 21 1
 29 22 1
 29 23 1
 29 24 1
 29 27 1
 29 28 1
 29 30 1
 29 31 1
 29 32 1
 29 33 1
 29 34 1
 29 35 1
 29 36 1
 29 37 1
 29 39 1
 29 40 1
 30 2 1
 30 3 1
 30 5 1
 30 7 1
 30 8 1
 30 10 1
 30 11 1
 30 12 1
 30 13 1
 30 14 1
 30 15 1
 30 20 1
 30 21 1
 30 25 1
 30 26 1
 30 28 1
 30 29 1
 30 31 1
 30 33 1
 30 37 1
 30 39 1
 30 40 1
 31 1 1
 31 2 1
 31 3 1
 31 7 1
 31 8 1
 31 9 1
 31 10 1
 31 11 1
 31 12 1
 31 13 1
 31 16 1
 31 18 1
 31 21 1
 31 22 1
 31 24 1
 31 26 1
 31 29 1
 31 30 1
 31 32 1
 31 34 1
 31 35 1
 31 36 1
 31 38 1
 31 40 1
 32 1 1
 32 3 1
 32 5 1
 32 7 1
 32 8 1
 32 9 1
 32 11 1
 32 12 1
 32 13 1
 32 15 1
 32 18 1
 32 19 1
 32 20 1
 32 21 1
 32 23 1
 32 24 1
 32 25 1
 32 28 1
 32 29 1
 32 33 1
 32 35 1
 32 36 1
 32 37 1
 32 38 1
 33 2 1
 33 4 1
 33 8 1
 33 11 1
 33 12 1
 33 13 1
 33 14 1
 33 15 1
 33 16 1
 33 17 1
 33 19 1
 33 22 1
 33 24 1
 33 26 1
 33 27 1
 33 28 1
 33 30 1
 33 34 1
 33 36 1
 33 37 1
 33 38 1
 33 39 1
 34 1 1
 34 2 1
 34 3 1
 34 5 1
 34 6 1
 34 8 1
 34 10 1
 34 11 1
 34 12 1
 34 14 1
 34 15 1
 34 17 1
 34 18 1
 34 20 1
 34 21 1
 34 22 1
 34 23 1
 34 25 1
 34 26 1
 34 27 1
 34 28 1
 34 30 1
 34 31 1
 34 33 1
 34 36 1
 35 3 1
 35 4 1
 35 6 1
 35 7 1
 35 8 1
 35 9 1
 35 10 1
 35 11 1
 35 12 1
 35 14 1
 35 15 1
 35 17 1
 35 18 1
 35 19 1
 35 20 1
 35 24 1
 35 25 1
 35 29 1
 35 30 1
 35 32 1
 35 33 1
 35 34 1
 35 38 1
 35 39 1
 36 2 1
 36 3 1
 36 4 1
 36 5 1
 36 6 1
 36 7 1
 36 8 1
 36 9 1
 36 10 1
 36 11 1
 36 12 1
 36 13 1
 36 15 1
 36 16 1
 36 17 1
 36 18 1
 36 19 1
 36 20 1
 36 21 1
 36 23 1
 36 24 1
 36 25 1
 36 26 1
 36 27 1
 36 28 1
 36 31 1
 36 32 1
 36 33 1
 36 34 1
 36 39 1
 37 1 1
 37 2 1
 37 3 1
 37 5 1
 37 6 1
 37 7 1
 37 11 1
 37 12 1
 37 14 1
 37 16 1
 37 17 1
 37 18 1
 37 22 1
 37 23 1
 37 24 1
 37 26 1
 37 28 1
 37 29 1
 37 30 1
 37 31 1
 37 32 1
 37 33 1
 37 35 1
 37 36 1
 37 38 1
 37 39 1
 37 40 1
 38 1 1
 38 2 1
 38 3 1
 38 4 1
 38 5 1
 38 7 1
