# Created by Octave 4.2.2, Mon Dec 13 20:30:25 2021 CST <lqg@qiguanglin-LC1>
# name: Map
# type: matrix
# rows: 523
# columns: 3
 1 3 1
 1 6 1
 1 8 1
 1 9 1
 1 11 1
 1 12 1
 1 14 1
 1 15 1
 1 17 1
 1 18 1
 1 19 1
 1 23 1
 1 27 1
 1 28 1
 1 29 1
 2 5 1
 2 9 1
 2 10 1
 2 12 1
 2 14 1
 2 15 1
 2 16 1
 2 17 1
 2 18 1
 2 20 1
 2 22 1
 2 23 1
 2 24 1
 2 25 1
 2 26 1
 2 27 1
 2 29 1
 2 30 1
 3 4 1
 3 5 1
 3 6 1
 3 7 1
 3 10 1
 3 11 1
 3 12 1
 3 13 1
 3 14 1
 3 15 1
 3 17 1
 3 18 1
 3 19 1
 3 20 1
 3 22 1
 3 23 1
 3 24 1
 3 25 1
 3 27 1
 3 29 1
 3 30 1
 4 7 1
 4 8 1
 4 9 1
 4 10 1
 4 12 1
 4 16 1
 4 19 1
 4 21 1
 4 22 1
 4 23 1
 4 24 1
 4 26 1
 4 27 1
 5 1 1
 5 3 1
 5 7 1
 5 8 1
 5 9 1
 5 10 1
 5 12 1
 5 13 1
 5 16 1
 5 19 1
 5 21 1
 5 22 1
 5 23 1
 5 24 1
 5 25 1
 5 26 1
 5 27 1
 5 28 1
 5 29 1
 6 3 1
 6 8 1
 6 11 1
 6 13 1
 6 15 1
 6 17 1
 6 19 1
 6 20 1
 6 21 1
 6 24 1
 6 25 1
 6 26 1
 6 27 1
 6 30 1
 7 1 1
 7 3 1
 7 4 1
 7 5 1
 7 6 1
 7 8 1
 7 9 1
 7 10 1
 7 11 1
 7 12 1
 7 13 1
 7 14 1
 7 15 1
 7 16 1
 7 17 1
 7 18 1
 7 19 1
 7 22 1
 7 25 1
 7 26 1
 7 28 1
 7 29 1
 8 1 1
 8 2 1
 8 3 1
 8 5 1
 8 9 1
 8 10 1
 8 16 1
 8 17 1
 8 20 1
 8 22 1
 8 24 1
 8 27 1
 8 29 1
 8 30 1
 9 3 1
 9 5 1
 9 7 1
 9 14 1
 9 16 1
 9 17 1
 9 18 1
 9 19 1
 9 20 1
 9 21 1
 9 22 1
 9 25 1
 9 26 1
 9 29 1
 9 30 1
 10 3 1
 10 6 1
 10 8 1
 10 9 1
 10 11 1
 10 12 1
 10 16 1
 10 18 1
 10 19 1
 10 20 1
 10 22 1
 10 24 1
 10 25 1
 10 27 1
 10 28 1
 11 1 1
 11 2 1
 11 4 1
 11 8 1
 11 9 1
 11 10 1
 11 12 1
 11 14 1
 11 17 1
 11 20 1
 11 24 1
 11 25 1
 11 26 1
 11 27 1
 11 28 1
 11 29 1
 11 30 1
 12 1 1
 12 2 1
 12 3 1
 12 4 1
 12 6 1
 12 7 1
 12 8 1
 12 9 1
 12 10 1
 12 13 1
 12 16 1
 12 25 1
 12 26 1
 12 27 1
 12 28 1
 12 29 1
 12 30 1
 13 1 1
 13 3 1
 13 6 1
 13 8 1
 13 9 1
 13 11 1
 13 12 1
 13 16 1
 13 19 1
 13 20 1
 13 21 1
 13 22 1
 13 24 1
 13 26 1
 13 27 1
 13 30 1
 14 2 1
 14 5 1
 14 6 1
 14 8 1
 14 10 1
 14 12 1
 14 15 1
 14 16 1
 14 17 1
 14 18 1
 14 19 1
 14 20 1
 14 22 1
 14 28 1
 14 29 1
 14 30 1
 15 2 1
 15 3 1
 15 4 1
 15 5 1
 15 6 1
 15 7 1
 15 8 1
 15 10 1
 15 12 1
 15 13 1
 15 18 1
 15 19 1
 15 20 1
 15 21 1
 15 24 1
 15 26 1
 16 1 1
 16 3 1
 16 5 1
 16 6 1
 16 7 1
 16 9 1
 16 11 1
 16 12 1
 16 15 1
 16 17 1
 16 19 1
 16 20 1
 16 21 1
 16 22 1
 16 24 1
 16 25 1
 16 26 1
 16 27 1
 16 28 1
 17 1 1
 17 2 1
 17 4 1
 17 6 1
 17 7 1
 17 8 1
 17 10 1
 17 12 1
 17 13 1
 17 14 1
 17 16 1
 17 19 1
 17 20 1
 17 22 1
 17 23 1
 17 25 1
 17 26 1
 17 29 1
 17 30 1
 18 1 1
 18 4 1
 18 6 1
 18 8 1
 18 9 1
 18 10 1
 18 11 1
 18 12 1
 18 13 1
 18 14 1
 18 20 1
 18 21 1
 18 23 1
 18 24 1
 18 25 1
 18 26 1
 18 27 1
 18 28 1
 18 29 1
 18 30 1
 19 2 1
 19 3 1
 19 4 1
 19 7 1
 19 8 1
 19 9 1
 19 10 1
 19 11 1
 19 12 1
 19 13 1
 19 14 1
 19 15 1
 19 16 1
 19 17 1
 19 18 1
 19 20 1
 19 21 1
 19 22 1
 19 23 1
 19 26 1
 19 27 1
 19 28 1
 19 29 1
 19 30 1
 20 1 1
 20 4 1
 20 5 1
 20 6 1
 20 7 1
 20 12 1
 20 15 1
 20 16 1
 20 19 1
 20 21 1
 20 25 1
 20 26 1
 20 27 1
 20 30 1
 21 3 1
 21 4 1
 21 5 1
 21 7 1
 21 8 1
 21 10 1
 21 11 1
 21 12 1
 21 13 1
 21 16 1
 21 17 1
 21 19 1
 21 22 1
 21 24 1
 21 25 1
 21 27 1
 21 29 1
 21 30 1
 22 1 1
 22 2 1
 22 3 1
 22 5 1
 22 10 1
 22 11 1
 22 14 1
 22 15 1
 22 16 1
 22 17 1
 22 19 1
 22 21 1
 22 23 1
 22 26 1
 22 29 1
 22 30 1
 23 2 1
 23 4 1
 23 6 1
 23 7 1
 23 8 1
 23 9 1
 23 10 1
 23 12 1
 23 14 1
 23 17 1
 23 18 1
 23 20 1
 23 21 1
 23 26 1
 23 27 1
 24 6 1
 24 8 1
 24 11 1
 24 12 1
 24 15 1
 24 17 1
 24 19 1
 24 20 1
 24 27 1
 24 28 1
 25 1 1
 25 2 1
 25 3 1
 25 6 1
 25 7 1
 25 8 1
 25 9 1
 25 10 1
 25 11 1
 25 14 1
 25 15 1
 25 16 1
 25 17 1
 25 19 1
 25 21 1
 25 22 1
 25 23 1
 25 24 1
 25 27 1
 25 30 1
 26 2 1
 26 4 1
 26 5 1
 26 6 1
 26 8 1
 26 10 1
 26 11 1
 26 13 1
 26 14 1
 26 15 1
 26 17 1
 26 18 1
 26 19 1
 26 20 1
 26 22 1
 26 24 1
 26 25 1
 26 27 1
 26 28 1
 26 29 1
 26 30 1
 27 1 1
 27 3 1
 27 5 1
 27 7 1
 27 8 1
 27 10 1
 27 11 1
 27 12 1
 27 13 1
 27 14 1
 27 15 1
 27 16 1
 27 17 1
 27 18 1
 27 19 1
 27 20 1
 27 21 1
 27 22 1
 27 24 1
 27 25 1
 27 26 1
 27 28 1
 28 2 1
 28 3 1
 28 4 1
 28 5 1
 28 8 1
 28 9 1
 28 10 1
 28 13 1
 28 14 1
 28 15 1
 28 16 1
 28 18 1
 28 22 1
 28 25 1
 28 26 1
 28 27 1
 28 29 1
 28 30 1
 29 2 1
 29 3 1
 29 6 1
 29 7 1
 29 8 1
 29 9 1
 29 11 1
 29 14 1
 29 16 1
 29 17 1
 29 19 1
 29 20 1
 29 21 1
 29 22 1
 29 23 1
 29 24 1
 29 25 1
 29 27 1
 29 30 1
 30 2 1
 30 4 1
 30 5 1
 30 6 1
 30 7 1
 30 9 1
 30 11 1
 30 15 1
 30 16 1
 30 17 1
 30 18 1
 30 19 1
 30 20 1
 30 21 1
 30 23 1
 30 25 1
 30 26 1
 30 27 1
 30 28 1
 30 29 1


