# Created by Octave 4.2.2, Mon Dec 13 20:30:26 2021 CST <lqg@qiguanglin-LC1>
# name: Map
# type: matrix
# rows: 500
# columns: 3
 1 3 1
 1 4 1
 1 5 1
 1 6 1
 1 7 1
 1 8 1
 1 9 1
 1 10 1
 1 12 1
 1 15 1
 1 16 1
 1 18 1
 1 19 1
 1 20 1
 1 22 1
 1 23 1
 1 26 1
 1 27 1
 2 1 1
 2 3 1
 2 4 1
 2 6 1
 2 7 1
 2 9 1
 2 10 1
 2 11 1
 2 13 1
 2 16 1
 2 17 1
 2 20 1
 2 21 1
 2 22 1
 2 23 1
 2 24 1
 2 25 1
 2 27 1
 2 29 1
 2 30 1
 3 1 1
 3 2 1
 3 6 1
 3 8 1
 3 10 1
 3 12 1
 3 16 1
 3 18 1
 3 20 1
 3 23 1
 3 29 1
 3 30 1
 4 1 1
 4 3 1
 4 13 1
 4 15 1
 4 16 1
 4 19 1
 4 24 1
 4 26 1
 4 27 1
 4 30 1
 5 2 1
 5 4 1
 5 6 1
 5 7 1
 5 10 1
 5 11 1
 5 12 1
 5 13 1
 5 19 1
 5 21 1
 5 22 1
 5 24 1
 5 28 1
 5 30 1
 6 1 1
 6 3 1
 6 5 1
 6 8 1
 6 9 1
 6 10 1
 6 11 1
 6 13 1
 6 14 1
 6 18 1
 6 19 1
 6 20 1
 6 22 1
 6 23 1
 6 26 1
 6 27 1
 6 29 1
 6 30 1
 7 1 1
 7 2 1
 7 3 1
 7 5 1
 7 6 1
 7 8 1
 7 9 1
 7 10 1
 7 12 1
 7 13 1
 7 15 1
 7 18 1
 7 21 1
 7 24 1
 7 25 1
 7 28 1
 7 29 1
 7 30 1
 8 3 1
 8 4 1
 8 5 1
 8 6 1
 8 7 1
 8 9 1
 8 10 1
 8 11 1
 8 12 1
 8 13 1
 8 16 1
 8 17 1
 8 21 1
 8 22 1
 8 24 1
 8 25 1
 8 27 1
 8 28 1
 8 30 1
 9 1 1
 9 5 1
 9 7 1
 9 8 1
 9 10 1
 9 11 1
 9 14 1
 9 16 1
 9 18 1
 9 19 1
 9 23 1
 9 24 1
 9 26 1
 9 27 1
 10 1 1
 10 2 1
 10 3 1
 10 4 1
 10 6 1
 10 8 1
 10 11 1
 10 13 1
 10 15 1
 10 16 1
 10 17 1
 10 18 1
 10 20 1
 10 22 1
 10 23 1
 10 25 1
 10 26 1
 10 28 1
 11 1 1
 11 3 1
 11 5 1
 11 8 1
 11 9 1
 11 10 1
 11 12 1
 11 13 1
 11 14 1
 11 15 1
 11 16 1
 11 17 1
 11 23 1
 11 24 1
 11 25 1
 11 27 1
 11 29 1
 12 1 1
 12 2 1
 12 4 1
 12 5 1
 12 7 1
 12 8 1
 12 9 1
 12 10 1
 12 13 1
 12 17 1
 12 19 1
 12 20 1
 12 21 1
 12 24 1
 12 27 1
 12 28 1
 12 29 1
 13 1 1
 13 4 1
 13 5 1
 13 6 1
 13 7 1
 13 8 1
 13 10 1
 13 12 1
 13 15 1
 13 17 1
 13 19 1
 13 20 1
 13 21 1
 13 27 1
 13 28 1
 13 30 1
 14 2 1
 14 4 1
 14 5 1
 14 6 1
 14 7 1
 14 8 1
 14 9 1
 14 13 1
 14 15 1
 14 19 1
 14 20 1
 14 21 1
 14 22 1
 14 25 1
 14 28 1
 14 29 1
 15 3 1
 15 7 1
 15 8 1
 15 9 1
 15 10 1
 15 11 1
 15 12 1
 15 13 1
 15 20 1
 15 24 1
 15 25 1
 15 27 1
 15 28 1
 15 29 1
 16 2 1
 16 3 1
 16 5 1
 16 6 1
 16 8 1
 16 10 1
 16 12 1
 16 13 1
 16 14 1
 16 18 1
 16 19 1
 16 24 1
 16 28 1
 16 29 1
 16 30 1
 17 1 1
 17 3 1
 17 4 1
 17 5 1
 17 6 1
 17 7 1
 17 8 1
 17 9 1
 17 10 1
 17 11 1
 17 12 1
 17 14 1
 17 18 1
 17 20 1
 17 22 1
 17 23 1
 17 24 1
 17 27 1
 17 28 1
 17 30 1
 18 1 1
 18 3 1
 18 4 1
 18 6 1
 18 10 1
 18 12 1
 18 13 1
 18 14 1
 18 16 1
 18 17 1
 18 19 1
 18 21 1
 18 23 1
 18 24 1
 18 27 1
 18 28 1
 18 30 1
 19 1 1
 19 2 1
 19 4 1
 19 6 1
 19 7 1
 19 8 1
 19 10 1
 19 11 1
 19 15 1
 19 18 1
 19 20 1
 19 22 1
 19 25 1
 19 27 1
 19 28 1
 19 29 1
 20 2 1
 20 3 1
 20 4 1
 20 5 1
 20 6 1
 20 8 1
 20 10 1
 20 15 1
 20 17 1
 20 19 1
 20 21 1
 20 22 1
 20 24 1
 20 27 1
 20 28 1
 20 30 1
 21 2 1
 21 3 1
 21 4 1
 21 7 1
 21 10 1
 21 11 1
 21 12 1
 21 16 1
 21 19 1
 21 20 1
 21 22 1
 21 24 1
 21 27 1
 21 28 1
 21 29 1
 21 30 1
 22 1 1
 22 2 1
 22 3 1
 22 4 1
 22 5 1
 22 6 1
 22 7 1
 22 9 1
 22 11 1
 22 14 1
 22 15 1
 22 16 1
 22 18 1
 22 19 1
 22 21 1
 22 23 1
 22 24 1
 22 25 1
 22 28 1
 22 29 1
 23 1 1
 23 5 1
 23 9 1
 23 11 1
 23 12 1
 23 13 1
 23 14 1
 23 15 1
 23 17 1
 23 18 1
 23 19 1
 23 24 1
 23 26 1
 23 27 1
 23 30 1
 24 2 1
 24 3 1
 24 5 1
 24 6 1
 24 8 1
 24 10 1
 24 11 1
 24 12 1
 24 15 1
 24 16 1
 24 18 1
 24 19 1
 24 23 1
 24 26 1
 24 28 1
 24 29 1
 24 30 1
 25 1 1
 25 2 1
 25 3 1
 25 5 1
 25 6 1
 25 9 1
 25 10 1
 25 11 1
 25 12 1
 25 13 1
 25 14 1
 25 16 1
 25 17 1
 25 19 1
 25 20 1
 25 22 1
 25 23 1
 25 30 1
 26 1 1
 26 3 1
 26 4 1
 26 5 1
 26 6 1
 26 7 1
 26 9 1
 26 10 1
 26 12 1
 26 15 1
 26 16 1
 26 17 1
 26 18 1
 26 19 1
 26 20 1
 26 22 1
 26 23 1
 26 25 1
 26 27 1
 26 28 1
 26 29 1
 26 30 1
 27 1 1
 27 2 1
 27 3 1
 27 4 1
 27 8 1
 27 9 1
 27 10 1
 27 11 1
 27 13 1
 27 14 1
 27 17 1
 27 20 1
 27 21 1
 27 22 1
 27 23 1
 27 24 1
 27 25 1
 27 26 1
 27 28 1
 28 6 1
 28 7 1
 28 9 1
 28 10 1
 28 11 1
 28 12 1
 28 14 1
 28 15 1
 28 17 1
 28 18 1
 28 22 1
 28 25 1
 28 29 1
 28 30 1
 29 2 1
 29 3 1
 29 4 1
 29 6 1
 29 7 1
 29 10 1
 29 11 1
 29 13 1
 29 14 1
 29 15 1
 29 16 1
 29 18 1
 29 21 1
 29 22 1
 29 24 1
 29 27 1
 29 30 1
 30 1 1
 30 2 1
 30 3 1
 30 4 1
 30 10 1
 30 11 1
 30 12 1
 30 13 1
 30 14 1
 30 16 1
 30 17 1
 30 19 1
 30 20 1
 30 22 1
 30 25 1
 30 26 1
 30 29 1


