# Created by Octave 4.2.2, Mon Dec 13 20:30:24 2021 CST <lqg@qiguanglin-LC1>
# name: Map
# type: matrix
# rows: 238
# columns: 3
 1 3 1
 1 4 1
 1 5 1
 1 6 1
 1 7 1
 1 9 1
 1 10 1
 1 11 1
 1 12 1
 1 13 1
 1 14 1
 1 15 1
 1 16 1
 1 18 1
 1 20 1
 2 1 1
 2 3 1
 2 4 1
 2 5 1
 2 6 1
 2 7 1
 2 8 1
 2 10 1
 2 12 1
 2 13 1
 2 14 1
 2 15 1
 2 16 1
 2 17 1
 2 18 1
 2 19 1
 2 20 1
 3 2 1
 3 11 1
 3 12 1
 3 14 1
 3 16 1
 3 18 1
 3 20 1
 4 1 1
 4 2 1
 4 5 1
 4 6 1
 4 8 1
 4 13 1
 4 16 1
 4 17 1
 5 3 1
 5 7 1
 5 8 1
 5 9 1
 5 10 1
 5 12 1
 5 15 1
 5 16 1
 6 1 1
 6 2 1
 6 3 1
 6 4 1
 6 8 1
 6 9 1
 6 11 1
 6 12 1
 6 13 1
 6 14 1
 6 15 1
 6 16 1
 6 18 1
 6 20 1
 7 4 1
 7 6 1
 7 8 1
 7 9 1
 7 10 1
 7 12 1
 7 13 1
 7 14 1
 7 15 1
 7 20 1
 8 2 1
 8 3 1
 8 7 1
 8 10 1
 8 11 1
 8 13 1
 8 14 1
 8 17 1
 8 18 1
 8 19 1
 9 1 1
 9 3 1
 9 4 1
 9 5 1
 9 7 1
 9 8 1
 9 11 1
 9 12 1
 9 13 1
 9 14 1
 9 15 1
 9 16 1
 9 18 1
 9 20 1
 10 1 1
 10 2 1
 10 3 1
 10 6 1
 10 11 1
 10 14 1
 10 15 1
 10 16 1
 10 18 1
 10 20 1
 11 4 1
 11 5 1
 11 6 1
 11 7 1
 11 8 1
 11 12 1
 11 14 1
 11 16 1
 11 17 1
 11 18 1
 11 19 1
 11 20 1
 12 2 1
 12 3 1
 12 4 1
 12 5 1
 12 6 1
 12 8 1
 12 9 1
 12 10 1
 12 13 1
 12 14 1
 12 15 1
 12 17 1
 12 18 1
 12 19 1
 12 20 1
 13 2 1
 13 5 1
 13 6 1
 13 8 1
 13 10 1
 13 14 1
 13 16 1
 13 17 1
 13 18 1
 13 20 1
 14 1 1
 14 3 1
 14 4 1
 14 5 1
 14 8 1
 14 9 1
 14 10 1
 14 11 1
 14 12 1
 14 13 1
 14 15 1
 14 16 1
 14 17 1
 14 18 1
 15 1 1
 15 2 1
 15 3 1
 15 4 1
 15 6 1
 15 12 1
 15 13 1
 15 16 1
 15 17 1
 15 19 1
 16 1 1
 16 4 1
 16 5 1
 16 6 1
 16 7 1
 16 8 1
 16 9 1
 16 10 1
 16 11 1
 16 12 1
 16 13 1
 16 19 1
 16 20 1
 17 1 1
 17 3 1
 17 5 1
 17 6 1
 17 7 1
 17 8 1
 17 9 1
 17 12 1
 17 13 1
 17 14 1
 17 15 1
 17 18 1
 17 19 1
 18 1 1
 18 2 1
 18 6 1
 18 8 1
 18 9 1
 18 11 1
 18 12 1
 18 13 1
 18 14 1
 18 17 1
 18 19 1
 19 2 1
 19 3 1
 19 8 1
 19 9 1
 19 10 1
 19 11 1
 19 12 1
 19 14 1
 19 15 1
 19 16 1
 19 17 1
 19 18 1
 19 20 1
 20 2 1
 20 3 1
 20 4 1
 20 5 1
 20 6 1
 20 7 1
 20 9 1
 20 10 1
 20 11 1
 20 14 1
 20 15 1
 20 16 1
 20 18 1
 20 19 1


