# Created by Octave 4.2.2, Mon Dec 13 20:30:35 2021 CST <lqg@qiguanglin-LC1>
# name: Map
# type: matrix
# rows: 923
# columns: 3
 1 3 1
 1 4 1
 1 6 1
 1 7 1
 1 8 1
 1 10 1
 1 11 1
 1 14 1
 1 18 1
 1 20 1
 1 22 1
 1 24 1
 1 25 1
 1 27 1
 1 28 1
 1 29 1
 1 31 1
 1 32 1
 1 33 1
 1 35 1
 1 36 1
 1 37 1
 1 40 1
 2 1 1
 2 3 1
 2 4 1
 2 8 1
 2 9 1
 2 11 1
 2 13 1
 2 15 1
 2 17 1
 2 18 1
 2 19 1
 2 23 1
 2 24 1
 2 25 1
 2 26 1
 2 28 1
 2 29 1
 2 31 1
 2 32 1
 2 33 1
 2 34 1
 2 35 1
 2 36 1
 2 40 1
 3 1 1
 3 2 1
 3 4 1
 3 5 1
 3 8 1
 3 9 1
 3 10 1
 3 11 1
 3 12 1
 3 13 1
 3 14 1
 3 15 1
 3 16 1
 3 17 1
 3 18 1
 3 19 1
 3 20 1
 3 21 1
 3 23 1
 3 28 1
 3 31 1
 3 33 1
 3 34 1
 3 35 1
 3 36 1
 3 37 1
 4 3 1
 4 5 1
 4 6 1
 4 9 1
 4 10 1
 4 11 1
 4 12 1
 4 14 1
 4 15 1
 4 16 1
 4 17 1
 4 18 1
 4 20 1
 4 21 1
 4 23 1
 4 24 1
 4 25 1
 4 26 1
 4 29 1
 4 30 1
 4 31 1
 4 32 1
 4 34 1
 4 38 1
 4 40 1
 5 1 1
 5 6 1
 5 7 1
 5 8 1
 5 12 1
 5 13 1
 5 14 1
 5 16 1
 5 17 1
 5 20 1
 5 21 1
 5 22 1
 5 23 1
 5 26 1
 5 28 1
 5 29 1
 5 30 1
 5 32 1
 5 40 1
 6 1 1
 6 3 1
 6 4 1
 6 7 1
 6 9 1
 6 10 1
 6 15 1
 6 16 1
 6 18 1
 6 20 1
 6 22 1
 6 25 1
 6 26 1
 6 27 1
 6 30 1
 6 32 1
 6 33 1
 6 34 1
 6 35 1
 6 37 1
 6 38 1
 6 39 1
 7 1 1
 7 2 1
 7 4 1
 7 5 1
 7 9 1
 7 11 1
 7 12 1
 7 14 1
 7 15 1
 7 16 1
 7 18 1
 7 22 1
 7 23 1
 7 24 1
 7 26 1
 7 27 1
 7 29 1
 7 31 1
 7 33 1
 7 37 1
 7 38 1
 7 39 1
 7 40 1
 8 1 1
 8 3 1
 8 5 1
 8 6 1
 8 7 1
 8 9 1
 8 11 1
 8 13 1
 8 14 1
 8 15 1
 8 16 1
 8 17 1
 8 18 1
 8 20 1
 8 24 1
 8 29 1
 8 34 1
 8 35 1
 8 37 1
 8 38 1
 8 39 1
 8 40 1
 9 3 1
 9 5 1
 9 8 1
 9 10 1
 9 12 1
 9 15 1
 9 17 1
 9 18 1
 9 20 1
 9 21 1
 9 22 1
 9 23 1
 9 24 1
 9 25 1
 9 26 1
 9 27 1
 9 29 1
 9 30 1
 9 31 1
 9 33 1
 9 34 1
 9 35 1
 9 37 1
 9 38 1
 9 39 1
 10 3 1
 10 4 1
 10 5 1
 10 8 1
 10 9 1
 10 13 1
 10 15 1
 10 16 1
 10 17 1
 10 18 1
 10 19 1
 10 21 1
 10 22 1
 10 23 1
 10 24 1
 10 25 1
 10 26 1
 10 27 1
 10 30 1
 10 31 1
 10 34 1
 10 37 1
 10 38 1
 10 39 1
 10 40 1
 11 2 1
 11 5 1
 11 6 1
 11 7 1
 11 10 1
 11 13 1
 11 15 1
 11 17 1
 11 19 1
 11 22 1
 11 23 1
 11 24 1
 11 26 1
 11 27 1
 11 28 1
 11 29 1
 11 31 1
 11 32 1
 11 33 1
 11 34 1
 11 35 1
 11 37 1
 11 38 1
 11 39 1
 11 40 1
 12 5 1
 12 6 1
 12 8 1
 12 11 1
 12 14 1
 12 15 1
 12 16 1
 12 19 1
 12 23 1
 12 24 1
 12 25 1
 12 26 1
 12 28 1
 12 30 1
 12 32 1
 12 33 1
 12 34 1
 12 35 1
 12 36 1
 12 38 1
 12 39 1
 12 40 1
 13 1 1
 13 4 1
 13 7 1
 13 8 1
 13 9 1
 13 10 1
 13 11 1
 13 14 1
 13 15 1
 13 16 1
 13 18 1
 13 19 1
 13 21 1
 13 24 1
 13 25 1
 13 26 1
 13 27 1
 13 28 1
 13 29 1
 13 31 1
 13 33 1
 13 34 1
 13 36 1
 13 38 1
 13 40 1
 14 3 1
 14 4 1
 14 6 1
 14 10 1
 14 11 1
 14 13 1
 14 15 1
 14 16 1
 14 17 1
 14 18 1
 14 20 1
 14 21 1
 14 23 1
 14 24 1
 14 29 1
 14 32 1
 14 33 1
 14 35 1
 14 36 1
 14 38 1
 14 39 1
 15 1 1
 15 2 1
 15 6 1
 15 11 1
 15 12 1
 15 13 1
 15 18 1
 15 19 1
 15 21 1
 15 22 1
 15 23 1
 15 24 1
 15 25 1
 15 26 1
 15 27 1
 15 29 1
 15 30 1
 15 35 1
 15 37 1
 15 39 1
 15 40 1
 16 1 1
 16 2 1
 16 3 1
 16 6 1
 16 7 1
 16 8 1
 16 9 1
 16 11 1
 16 13 1
 16 14 1
 16 18 1
 16 20 1
 16 22 1
 16 23 1
 16 24 1
 16 26 1
 16 27 1
 16 29 1
 16 30 1
 16 31 1
 16 33 1
 16 34 1
 16 35 1
 16 36 1
 16 37 1
 17 3 1
 17 4 1
 17 5 1
 17 8 1
 17 9 1
 17 10 1
 17 12 1
 17 13 1
 17 14 1
 17 19 1
 17 20 1
 17 22 1
 17 25 1
 17 27 1
 17 28 1
 17 29 1
 17 30 1
 17 31 1
 17 32 1
 17 36 1
 17 37 1
 17 39 1
 18 1 1
 18 4 1
 18 5 1
 18 6 1
 18 7 1
 18 9 1
 18 10 1
 18 11 1
 18 13 1
 18 16 1
 18 17 1
 18 19 1
 18 22 1
 18 24 1
 18 25 1
 18 29 1
 18 30 1
 18 32 1
 18 33 1
 18 36 1
 18 37 1
 18 39 1
 18 40 1
 19 5 1
 19 6 1
 19 7 1
 19 10 1
 19 11 1
 19 15 1
 19 16 1
 19 18 1
 19 25 1
 19 26 1
 19 27 1
 19 29 1
 19 31 1
 19 33 1
 19 34 1
 19 35 1
 19 37 1
 19 39 1
 20 1 1
 20 2 1
 20 7 1
 20 8 1
 20 9 1
 20 10 1
 20 11 1
 20 12 1
 20 13 1
 20 14 1
 20 15 1
 20 17 1
 20 18 1
 20 19 1
 20 21 1
 20 22 1
 20 24 1
 20 26 1
 20 29 1
 20 30 1
 20 31 1
 20 32 1
 20 33 1
 20 36 1
 20 37 1
 20 39 1
 20 40 1
 21 1 1
 21 3 1
 21 4 1
 21 5 1
 21 7 1
 21 8 1
 21 9 1
 21 11 1
 21 13 1
 21 14 1
 21 16 1
 21 18 1
 21 20 1
 21 22 1
 21 25 1
 21 26 1
 21 27 1
 21 30 1
 21 33 1
 21 34 1
 21 35 1
 21 37 1
 21 38 1
 21 39 1
 22 1 1
 22 3 1
 22 4 1
 22 5 1
 22 6 1
 22 8 1
 22 9 1
 22 10 1
 22 11 1
 22 12 1
 22 13 1
 22 16 1
 22 17 1
 22 18 1
 22 21 1
 22 23 1
 22 24 1
 22 27 1
 22 28 1
 22 29 1
 22 30 1
 22 31 1
 22 32 1
 22 34 1
 22 35 1
 22 36 1
 22 38 1
 22 40 1
 23 1 1
 23 2 1
 23 3 1
 23 4 1
 23 5 1
 23 6 1
 23 10 1
 23 11 1
 23 12 1
 23 15 1
 23 22 1
 23 25 1
 23 26 1
 23 27 1
 23 28 1
 23 29 1
 23 30 1
 23 31 1
 23 32 1
 23 33 1
 23 34 1
 23 36 1
 23 39 1
 23 40 1
 24 1 1
 24 4 1
 24 6 1
 24 9 1
 24 10 1
 24 13 1
 24 16 1
 24 17 1
 24 18 1
 24 22 1
 24 25 1
 24 26 1
 24 27 1
 24 29 1
 24 31 1
 24 32 1
 24 34 1
 24 35 1
 24 37 1
 24 38 1
 24 40 1
 25 2 1
 25 4 1
 25 6 1
 25 12 1
 25 15 1
 25 16 1
 25 19 1
 25 20 1
 25 21 1
 25 27 1
 25 29 1
 25 30 1
 25 32 1
 25 35 1
 25 36 1
 25 37 1
 25 38 1
 25 39 1
 25 40 1
 26 1 1
 26 2 1
 26 3 1
 26 4 1
 26 6 1
 26 8 1
 26 9 1
 26 10 1
 26 11 1
 26 12 1
 26 14 1
 26 15 1
 26 16 1
 26 17 1
 26 19 1
 26 20 1
 26 23 1
 26 24 1
 26 25 1
 26 27 1
 26 28 1
 26 29 1
 26 30 1
 26 32 1
 26 33 1
 26 34 1
 26 35 1
 26 36 1
 26 37 1
 26 38 1
 26 39 1
 27 3 1
 27 4 1
 27 6 1
 27 7 1
 27 8 1
 27 9 1
 27 11 1
 27 14 1
 27 15 1
 27 17 1
 27 18 1
 27 20 1
 27 21 1
 27 24 1
 27 26 1
 27 29 1
 27 30 1
 27 31 1
 27 32 1
 27 33 1
 27 34 1
 27 35 1
 27 36 1
 27 37 1
 27 38 1
 27 39 1
 27 40 1
 28 1 1
 28 2 1
 28 4 1
 28 5 1
 28 6 1
 28 7 1
 28 8 1
 28 11 1
 28 16 1
 28 18 1
 28 19 1
 28 20 1
 28 21 1
 28 23 1
 28 26 1
 28 30 1
 28 32 1
 28 34 1
 28 35 1
 28 37 1
 28 39 1
 28 40 1
 29 1 1
 29 6 1
 29 7 1
 29 8 1
 29 10 1
 29 12 1
 29 13 1
 29 15 1
 29 16 1
 29 17 1
 29 19 1
 29 21 1
 29 25 1
 29 26 1
 29 27 1
 29 28 1
 29 31 1
 29 33 1
 29 36 1
 29 37 1
 29 38 1
 29 39 1
 29 40 1
 30 3 1
 30 4 1
 30 7 1
 30 8 1
 30 10 1
 30 11 1
 30 13 1
 30 15 1
 30 18 1
 30 19 1
 30 21 1
 30 23 1
 30 24 1
 30 25 1
 30 26 1
 30 27 1
 30 29 1
 30 33 1
 30 35 1
 30 37 1
 31 1 1
 31 9 1
 31 13 1
 31 14 1
 31 15 1
 31 18 1
 31 21 1
 31 23 1
 31 24 1
 31 26 1
 31 27 1
 31 32 1
 31 33 1
 31 35 1
 31 36 1
 31 37 1
 31 38 1
 31 40 1
 32 2 1
 32 3 1
 32 4 1
 32 5 1
 32 6 1
 32 7 1
 32 11 1
 32 13 1
 32 14 1
 32 15 1
 32 16 1
 32 18 1
 32 26 1
 32 27 1
 32 28 1
 32 29 1
 32 30 1
 32 31 1
 32 34 1
 32 37 1
 32 38 1
 32 39 1
 33 1 1
 33 6 1
 33 7 1
 33 8 1
 33 9 1
 33 11 1
 33 12 1
 33 13 1
 33 15 1
 33 16 1
 33 17 1
 33 19 1
 33 20 1
 33 21 1
 33 23 1
 33 24 1
 33 25 1
 33 26 1
 33 27 1
 33 28 1
 33 30 1
 33 31 1
 33 32 1
 33 34 1
 33 35 1
 33 37 1
 33 38 1
 33 39 1
 33 40 1
 34 3 1
 34 5 1
 34 8 1
 34 9 1
 34 12 1
 34 13 1
 34 14 1
 34 15 1
 34 18 1
 34 19 1
 34 22 1
 34 25 1
 34 28 1
 34 29 1
 34 30 1
 34 31 1
 34 32 1
 34 35 1
 34 36 1
 34 37 1
 34 39 1
 35 1 1
 35 3 1
 35 5 1
 35 7 1
 35 9 1
 35 10 1
 35 11 1
 35 12 1
 35 18 1
 35 22 1
 35 23 1
 35 26 1
 35 27 1
 35 28 1
 35 36 1
 35 37 1
 35 39 1
 35 40 1
 36 1 1
 36 2 1
 36 5 1
 36 11 1
 36 13 1
 36 14 1
 36 15 1
 36 16 1
 36 17 1
 36 19 1
 36 20 1
 36 21 1
 36 22 1
 36 24 1
 36 25 1
 36 26 1
 36 29 1
 36 30 1
 36 31 1
 36 32 1
 36 33 1
 36 34 1
 36 35 1
 36 39 1
 37 2 1
 37 3 1
 37 5 1
 37 9 1
 37 11 1
 37 12 1
 37 13 1
 37 16 1
 37 19 1
 37 20 1
 37 22 1
 37 23 1
 37 24 1
 37 25 1
 37 26 1
 37 27 1
 37 28 1
 37 29 1
 37 32 1
 37 34 1
 37 36 1
 37 38 1
 38 2 1
 38 3 1
 38 7 1
 38 8 1
 38 9 1
 38 10 1
 38 11 1
 38 13 1
 38 14 1
 38 16 1
 38 17 1
 38 18 1
 38 19 1
 38 22 1
 38 29 1
 38 30 1
 38 32 1
 38 33 1
 38 34 1
 38 35 1
 38 37 1
 38 40 1
 39 3 1
 39 4 1
 39 5 1
 39 9 1
 39 12 1
 39 13 1
 39 16 1
 39 17 1
 39 21 1
 39 23 1
 39 24 1
 39 30 1
 39 31 1
 39 32 1
 39 33 1
 39 35 1
 39 36 1
 39 37 1
 39 38 1
 39 40 1
 40 1 1
 40 4 1
 40 5 1
 40 6 1
 40 7 1
 40 8 1
 40 9 1
 40 10 1
 40 11 1
 40 14 1
 40 15 1
 40 16 1
 40 17 1
 40 19 1
 40 20 1
 40 21 1
 40 25 1
 40 26 1
 40 27 1
 40 31 1
 40 33 1
