# Created by Octave 4.2.2, Mon Dec 13 20:30:24 2021 CST <lqg@qiguanglin-LC1>
# name: Map
# type: matrix
# rows: 227
# columns: 3
 1 5 1
 1 6 1
 1 7 1
 1 8 1
 1 9 1
 1 10 1
 1 11 1
 1 13 1
 1 14 1
 1 15 1
 1 18 1
 2 1 1
 2 3 1
 2 5 1
 2 6 1
 2 8 1
 2 9 1
 2 11 1
 2 12 1
 2 13 1
 2 15 1
 2 19 1
 3 1 1
 3 2 1
 3 4 1
 3 7 1
 3 8 1
 3 9 1
 3 11 1
 3 16 1
 3 17 1
 3 19 1
 4 1 1
 4 2 1
 4 3 1
 4 5 1
 4 7 1
 4 8 1
 4 12 1
 4 13 1
 4 14 1
 4 16 1
 4 17 1
 4 19 1
 4 20 1
 5 1 1
 5 2 1
 5 3 1
 5 8 1
 5 9 1
 5 10 1
 5 11 1
 5 12 1
 5 13 1
 5 15 1
 5 18 1
 6 1 1
 6 2 1
 6 3 1
 6 4 1
 6 7 1
 6 8 1
 6 9 1
 6 10 1
 6 13 1
 6 14 1
 6 16 1
 6 17 1
 6 18 1
 6 19 1
 7 2 1
 7 6 1
 7 8 1
 7 9 1
 7 11 1
 7 16 1
 7 17 1
 7 20 1
 8 1 1
 8 3 1
 8 7 1
 8 9 1
 8 10 1
 8 11 1
 8 14 1
 8 15 1
 8 18 1
 9 1 1
 9 2 1
 9 3 1
 9 4 1
 9 5 1
 9 6 1
 9 7 1
 9 10 1
 9 11 1
 9 13 1
 9 14 1
 9 15 1
 9 16 1
 9 17 1
 9 20 1
 10 1 1
 10 2 1
 10 3 1
 10 11 1
 10 12 1
 10 13 1
 10 14 1
 10 18 1
 10 19 1
 10 20 1
 11 1 1
 11 2 1
 11 3 1
 11 4 1
 11 5 1
 11 9 1
 11 12 1
 11 13 1
 11 14 1
 11 15 1
 11 17 1
 11 18 1
 11 19 1
 12 1 1
 12 2 1
 12 3 1
 12 4 1
 12 6 1
 12 7 1
 12 9 1
 12 10 1
 12 11 1
 12 14 1
 12 15 1
 12 16 1
 12 17 1
 13 2 1
 13 3 1
 13 5 1
 13 7 1
 13 8 1
 13 9 1
 13 12 1
 13 14 1
 13 16 1
 13 17 1
 13 18 1
 13 19 1
 13 20 1
 14 1 1
 14 2 1
 14 4 1
 14 5 1
 14 6 1
 14 8 1
 14 9 1
 14 12 1
 14 15 1
 14 19 1
 15 1 1
 15 3 1
 15 4 1
 15 5 1
 15 7 1
 15 8 1
 15 9 1
 15 12 1
 15 13 1
 15 14 1
 15 17 1
 15 18 1
 15 19 1
 15 20 1
 16 1 1
 16 2 1
 16 5 1
 16 6 1
 16 7 1
 16 8 1
 16 9 1
 16 10 1
 16 15 1
 16 17 1
 17 2 1
 17 5 1
 17 7 1
 17 8 1
 17 9 1
 17 12 1
 17 14 1
 17 18 1
 17 19 1
 18 1 1
 18 2 1
 18 5 1
 18 6 1
 18 8 1
 18 10 1
 18 11 1
 18 12 1
 18 15 1
 18 17 1
 18 20 1
 19 1 1
 19 2 1
 19 4 1
 19 5 1
 19 6 1
 19 7 1
 19 8 1
 19 9 1
 19 12 1
 19 13 1
 19 15 1
 20 1 1
 20 4 1
 20 6 1
 20 8 1
 20 9 1
 20 10 1
 20 14 1
 20 15 1
 20 16 1
 20 17 1
 20 18 1


