# Created by Octave 4.2.2, Mon Dec 13 20:30:44 2021 CST <lqg@qiguanglin-LC1>
# name: Map
# type: matrix
# rows: 1522
# columns: 3
 1 5 1
 1 6 1
 1 7 1
 1 11 1
 1 12 1
 1 13 1
 1 14 1
 1 16 1
 1 20 1
 1 21 1
 1 23 1
 1 24 1
 1 26 1
 1 27 1
 1 28 1
 1 29 1
 1 30 1
 1 31 1
 1 34 1
 1 40 1
 1 43 1
 1 44 1
 1 49 1
 2 4 1
 2 8 1
 2 9 1
 2 10 1
 2 16 1
 2 17 1
 2 18 1
 2 19 1
 2 22 1
 2 23 1
 2 24 1
 2 26 1
 2 27 1
 2 28 1
 2 29 1
 2 30 1
 2 33 1
 2 34 1
 2 35 1
 2 36 1
 2 39 1
 2 42 1
 2 43 1
 2 44 1
 2 45 1
 2 47 1
 2 48 1
 2 49 1
 2 50 1
 3 5 1
 3 7 1
 3 11 1
 3 14 1
 3 15 1
 3 16 1
 3 18 1
 3 19 1
 3 21 1
 3 23 1
 3 25 1
 3 26 1
 3 28 1
 3 32 1
 3 33 1
 3 34 1
 3 36 1
 3 38 1
 3 39 1
 3 40 1
 3 41 1
 3 44 1
 3 45 1
 3 48 1
 3 50 1
 4 1 1
 4 5 1
 4 7 1
 4 8 1
 4 9 1
 4 10 1
 4 15 1
 4 16 1
 4 17 1
 4 18 1
 4 19 1
 4 20 1
 4 21 1
 4 24 1
 4 26 1
 4 27 1
 4 28 1
 4 29 1
 4 30 1
 4 35 1
 4 36 1
 4 37 1
 4 39 1
 4 41 1
 4 42 1
 4 43 1
 4 44 1
 4 45 1
 4 48 1
 4 49 1
 4 50 1
 5 4 1
 5 7 1
 5 8 1
 5 9 1
 5 11 1
 5 12 1
 5 15 1
 5 16 1
 5 17 1
 5 18 1
 5 19 1
 5 21 1
 5 22 1
 5 24 1
 5 25 1
 5 26 1
 5 28 1
 5 30 1
 5 31 1
 5 32 1
 5 33 1
 5 35 1
 5 38 1
 5 39 1
 5 40 1
 5 41 1
 5 42 1
 5 44 1
 5 47 1
 5 48 1
 5 49 1
 5 50 1
 6 1 1
 6 4 1
 6 5 1
 6 8 1
 6 9 1
 6 11 1
 6 12 1
 6 14 1
 6 15 1
 6 18 1
 6 20 1
 6 22 1
 6 23 1
 6 25 1
 6 26 1
 6 27 1
 6 28 1
 6 30 1
 6 31 1
 6 33 1
 6 34 1
 6 35 1
 6 36 1
 6 38 1
 6 39 1
 6 41 1
 6 42 1
 6 44 1
 6 46 1
 6 47 1
 6 48 1
 6 50 1
 7 2 1
 7 3 1
 7 4 1
 7 5 1
 7 6 1
 7 8 1
 7 9 1
 7 10 1
 7 11 1
 7 12 1
 7 13 1
 7 15 1
 7 18 1
 7 20 1
 7 21 1
 7 22 1
 7 23 1
 7 24 1
 7 25 1
 7 27 1
 7 28 1
 7 29 1
 7 30 1
 7 31 1
 7 34 1
 7 35 1
 7 36 1
 7 37 1
 7 39 1
 7 40 1
 7 43 1
 7 44 1
 7 49 1
 8 4 1
 8 7 1
 8 9 1
 8 10 1
 8 13 1
 8 16 1
 8 17 1
 8 18 1
 8 19 1
 8 20 1
 8 21 1
 8 22 1
 8 23 1
 8 24 1
 8 25 1
 8 26 1
 8 27 1
 8 28 1
 8 29 1
 8 31 1
 8 32 1
 8 33 1
 8 36 1
 8 37 1
 8 39 1
 8 40 1
 8 42 1
 8 43 1
 8 44 1
 8 46 1
 8 47 1
 8 48 1
 8 49 1
 8 50 1
 9 1 1
 9 3 1
 9 4 1
 9 6 1
 9 8 1
 9 10 1
 9 12 1
 9 13 1
 9 14 1
 9 15 1
 9 16 1
 9 17 1
 9 18 1
 9 19 1
 9 20 1
 9 21 1
 9 23 1
 9 24 1
 9 25 1
 9 26 1
 9 27 1
 9 29 1
 9 31 1
 9 32 1
 9 33 1
 9 34 1
 9 35 1
 9 36 1
 9 37 1
 9 40 1
 9 42 1
 9 45 1
 9 48 1
 9 50 1
 10 2 1
 10 3 1
 10 4 1
 10 5 1
 10 6 1
 10 8 1
 10 12 1
 10 13 1
 10 15 1
 10 18 1
 10 19 1
 10 20 1
 10 21 1
 10 22 1
 10 23 1
 10 27 1
 10 29 1
 10 31 1
 10 32 1
 10 35 1
 10 36 1
 10 38 1
 10 40 1
 10 43 1
 10 45 1
 10 46 1
 10 47 1
 10 48 1
 10 50 1
 11 2 1
 11 3 1
 11 7 1
 11 8 1
 11 10 1
 11 12 1
 11 13 1
 11 14 1
 11 16 1
 11 17 1
 11 19 1
 11 20 1
 11 21 1
 11 22 1
 11 23 1
 11 24 1
 11 25 1
 11 28 1
 11 30 1
 11 31 1
 11 32 1
 11 35 1
 11 37 1
 11 38 1
 11 40 1
 11 42 1
 11 43 1
 11 46 1
 11 47 1
 11 49 1
 11 50 1
 12 4 1
 12 6 1
 12 7 1
 12 8 1
 12 9 1
 12 10 1
 12 11 1
 12 14 1
 12 15 1
 12 16 1
 12 17 1
 12 18 1
 12 19 1
 12 20 1
 12 21 1
 12 22 1
 12 23 1
 12 24 1
 12 26 1
 12 27 1
 12 28 1
 12 29 1
 12 33 1
 12 34 1
 12 35 1
 12 37 1
 12 38 1
 12 40 1
 12 42 1
 12 44 1
 12 45 1
 12 46 1
 13 1 1
 13 2 1
 13 3 1
 13 6 1
 13 7 1
 13 8 1
 13 9 1
 13 10 1
 13 11 1
 13 12 1
 13 15 1
 13 17 1
 13 18 1
 13 19 1
 13 20 1
 13 22 1
 13 23 1
 13 24 1
 13 26 1
 13 28 1
 13 30 1
 13 32 1
 13 34 1
 13 36 1
 13 39 1
 13 40 1
 13 44 1
 13 45 1
 13 46 1
 13 48 1
 13 50 1
 14 2 1
 14 4 1
 14 7 1
 14 8 1
 14 9 1
 14 11 1
 14 13 1
 14 17 1
 14 18 1
 14 19 1
 14 20 1
 14 22 1
 14 23 1
 14 27 1
 14 29 1
 14 30 1
 14 32 1
 14 33 1
 14 36 1
 14 37 1
 14 39 1
 14 40 1
 14 41 1
 14 43 1
 14 45 1
 14 46 1
 14 47 1
 14 48 1
 14 49 1
 15 1 1
 15 2 1
 15 5 1
 15 6 1
 15 7 1
 15 8 1
 15 9 1
 15 11 1
 15 12 1
 15 16 1
 15 17 1
 15 18 1
 15 20 1
 15 21 1
 15 22 1
 15 24 1
 15 25 1
 15 26 1
 15 27 1
 15 31 1
 15 32 1
 15 33 1
 15 34 1
 15 35 1
 15 36 1
 15 37 1
 15 38 1
 15 39 1
 15 40 1
 15 41 1
 15 43 1
 15 46 1
 16 3 1
 16 5 1
 16 6 1
 16 8 1
 16 9 1
 16 12 1
 16 14 1
 16 15 1
 16 17 1
 16 18 1
 16 19 1
 16 20 1
 16 21 1
 16 22 1
 16 23 1
 16 26 1
 16 27 1
 16 28 1
 16 29 1
 16 30 1
 16 34 1
 16 35 1
 16 37 1
 16 39 1
 16 40 1
 16 42 1
 16 45 1
 16 46 1
 16 48 1
 16 49 1
 16 50 1
 17 1 1
 17 2 1
 17 3 1
 17 4 1
 17 5 1
 17 6 1
 17 7 1
 17 8 1
 17 9 1
 17 10 1
 17 12 1
 17 13 1
 17 14 1
 17 15 1
 17 18 1
 17 20 1
 17 22 1
 17 23 1
 17 24 1
 17 25 1
 17 26 1
 17 27 1
 17 28 1
 17 29 1
 17 31 1
 17 32 1
 17 33 1
 17 34 1
 17 35 1
 17 38 1
 17 39 1
 17 40 1
 17 41 1
 17 42 1
 17 45 1
 17 46 1
 17 48 1
 17 49 1
 17 50 1
 18 1 1
 18 3 1
 18 4 1
 18 5 1
 18 6 1
 18 7 1
 18 8 1
 18 11 1
 18 14 1
 18 15 1
 18 16 1
 18 19 1
 18 20 1
 18 22 1
 18 24 1
 18 25 1
 18 28 1
 18 30 1
 18 32 1
 18 33 1
 18 35 1
 18 36 1
 18 37 1
 18 38 1
 18 39 1
 18 40 1
 18 42 1
 18 43 1
 18 46 1
 18 47 1
 18 48 1
 18 50 1
 19 1 1
 19 3 1
 19 5 1
 19 6 1
 19 8 1
 19 9 1
 19 12 1
 19 13 1
 19 14 1
 19 16 1
 19 20 1
 19 24 1
 19 26 1
 19 28 1
 19 29 1
 19 30 1
 19 31 1
 19 32 1
 19 34 1
 19 35 1
 19 36 1
 19 37 1
 19 38 1
 19 40 1
 19 41 1
 19 42 1
 19 45 1
 19 46 1
 19 47 1
 19 50 1
 20 1 1
 20 2 1
 20 3 1
 20 4 1
 20 5 1
 20 6 1
 20 7 1
 20 9 1
 20 10 1
 20 11 1
 20 17 1
 20 18 1
 20 19 1
 20 22 1
 20 23 1
 20 24 1
 20 25 1
 20 26 1
 20 29 1
 20 32 1
 20 33 1
 20 35 1
 20 36 1
 20 39 1
 20 40 1
 20 41 1
 20 44 1
 20 46 1
 20 48 1
 20 49 1
 20 50 1
 21 1 1
 21 2 1
 21 6 1
 21 8 1
 21 13 1
 21 14 1
 21 15 1
 21 17 1
 21 18 1
 21 19 1
 21 23 1
 21 26 1
 21 27 1
 21 28 1
 21 32 1
 21 36 1
 21 38 1
 21 40 1
 21 41 1
 21 42 1
 21 43 1
 21 46 1
 21 47 1
 21 48 1
 21 49 1
 21 50 1
 22 1 1
 22 3 1
 22 5 1
 22 7 1
 22 8 1
 22 9 1
 22 13 1
 22 15 1
 22 16 1
 22 17 1
 22 18 1
 22 21 1
 22 23 1
 22 27 1
 22 29 1
 22 30 1
 22 31 1
 22 33 1
 22 34 1
 22 35 1
 22 38 1
 22 39 1
 22 40 1
 22 42 1
 22 43 1
 22 44 1
 22 45 1
 22 46 1
 22 47 1
 22 49 1
 22 50 1
 23 1 1
 23 2 1
 23 4 1
 23 6 1
 23 8 1
 23 9 1
 23 10 1
 23 11 1
 23 13 1
 23 15 1
 23 16 1
 23 17 1
 23 19 1
 23 20 1
 23 21 1
 23 22 1
 23 26 1
 23 28 1
 23 31 1
 23 32 1
 23 33 1
 23 34 1
 23 35 1
 23 36 1
 23 37 1
 23 46 1
 23 48 1
 23 49 1
 23 50 1
 24 3 1
 24 4 1
 24 5 1
 24 6 1
 24 7 1
 24 13 1
 24 14 1
 24 15 1
 24 16 1
 24 20 1
 24 25 1
 24 26 1
 24 28 1
 24 30 1
 24 31 1
 24 32 1
 24 34 1
 24 35 1
 24 36 1
 24 37 1
 24 38 1
 24 39 1
 24 40 1
 24 44 1
 24 46 1
 24 47 1
 24 48 1
 24 50 1
 25 4 1
 25 5 1
 25 6 1
 25 7 1
 25 8 1
 25 9 1
 25 10 1
 25 11 1
 25 12 1
 25 20 1
 25 23 1
 25 24 1
 25 26 1
 25 27 1
 25 29 1
 25 33 1
 25 36 1
 25 37 1
 25 38 1
 25 41 1
 25 43 1
 25 45 1
 25 46 1
 25 47 1
 25 48 1
 25 49 1
 26 3 1
 26 5 1
 26 6 1
 26 7 1
 26 8 1
 26 9 1
 26 10 1
 26 11 1
 26 15 1
 26 19 1
 26 22 1
 26 23 1
 26 25 1
 26 29 1
 26 30 1
 26 32 1
 26 33 1
 26 34 1
 26 35 1
 26 38 1
 26 39 1
 26 40 1
 26 41 1
 26 46 1
 26 48 1
 26 49 1
 26 50 1
 27 1 1
 27 2 1
 27 3 1
 27 6 1
 27 7 1
 27 8 1
 27 9 1
 27 10 1
 27 11 1
 27 12 1
 27 13 1
 27 14 1
 27 15 1
 27 16 1
 27 18 1
 27 20 1
 27 21 1
 27 24 1
 27 25 1
 27 26 1
 27 29 1
 27 30 1
 27 31 1
 27 32 1
 27 33 1
 27 34 1
 27 36 1
 27 40 1
 27 41 1
 27 43 1
 27 44 1
 27 45 1
 27 47 1
 27 49 1
 28 1 1
 28 2 1
 28 3 1
 28 6 1
 28 7 1
 28 8 1
 28 9 1
 28 10 1
 28 12 1
 28 13 1
 28 14 1
 28 15 1
 28 16 1
 28 17 1
 28 18 1
 28 19 1
 28 20 1
 28 22 1
 28 24 1
 28 25 1
 28 26 1
 28 27 1
 28 29 1
 28 30 1
 28 31 1
 28 34 1
 28 38 1
 28 39 1
 28 40 1
 28 41 1
 28 42 1
 28 43 1
 28 44 1
 28 45 1
 28 46 1
 28 48 1
 28 49 1
 28 50 1
 29 1 1
 29 2 1
 29 4 1
 29 5 1
 29 8 1
 29 9 1
 29 10 1
 29 13 1
 29 14 1
 29 17 1
 29 18 1
 29 20 1
 29 21 1
 29 22 1
 29 24 1
 29 26 1
 29 28 1
 29 30 1
 29 31 1
 29 33 1
 29 35 1
 29 36 1
 29 37 1
 29 40 1
 29 41 1
 29 42 1
 29 43 1
 29 44 1
 29 45 1
 29 47 1
 29 48 1
 29 49 1
 30 1 1
 30 3 1
 30 4 1
 30 5 1
 30 7 1
 30 8 1
 30 9 1
 30 10 1
 30 12 1
 30 13 1
 30 14 1
 30 15 1
 30 16 1
 30 17 1
 30 18 1
 30 20 1
 30 24 1
 30 25 1
 30 26 1
 30 28 1
 30 33 1
 30 34 1
 30 37 1
 30 39 1
 30 40 1
 30 41 1
 30 42 1
 30 43 1
 30 44 1
 30 45 1
 30 46 1
 30 47 1
