# Created by Octave 4.2.2, Mon Dec 13 20:30:24 2021 CST <lqg@qiguanglin-LC1>
# name: Map
# type: matrix
# rows: 224
# columns: 3
 1 2 1
 1 3 1
 1 5 1
 1 6 1
 1 9 1
 1 10 1
 1 13 1
 1 17 1
 1 18 1
 1 20 1
 2 1 1
 2 3 1
 2 4 1
 2 6 1
 2 8 1
 2 9 1
 2 11 1
 2 15 1
 2 16 1
 2 18 1
 2 19 1
 2 20 1
 3 2 1
 3 4 1
 3 5 1
 3 6 1
 3 8 1
 3 9 1
 3 11 1
 3 12 1
 3 13 1
 3 16 1
 3 17 1
 3 18 1
 3 19 1
 4 1 1
 4 5 1
 4 8 1
 4 10 1
 4 12 1
 4 13 1
 4 14 1
 4 15 1
 4 17 1
 5 4 1
 5 8 1
 5 9 1
 5 10 1
 5 11 1
 5 12 1
 5 13 1
 5 14 1
 5 15 1
 5 17 1
 5 19 1
 6 3 1
 6 4 1
 6 5 1
 6 7 1
 6 9 1
 6 11 1
 6 13 1
 6 14 1
 6 16 1
 6 17 1
 6 20 1
 7 1 1
 7 2 1
 7 3 1
 7 4 1
 7 6 1
 7 9 1
 7 10 1
 7 11 1
 7 12 1
 7 13 1
 7 15 1
 7 16 1
 7 17 1
 7 18 1
 7 19 1
 7 20 1
 8 1 1
 8 2 1
 8 3 1
 8 5 1
 8 7 1
 8 10 1
 8 11 1
 8 12 1
 8 13 1
 8 14 1
 8 16 1
 8 17 1
 8 18 1
 8 19 1
 8 20 1
 9 2 1
 9 3 1
 9 5 1
 9 7 1
 9 8 1
 9 10 1
 9 13 1
 9 15 1
 9 16 1
 9 18 1
 9 19 1
 9 20 1
 10 3 1
 10 5 1
 10 8 1
 10 12 1
 10 13 1
 10 15 1
 10 16 1
 10 17 1
 11 1 1
 11 2 1
 11 3 1
 11 5 1
 11 6 1
 11 7 1
 11 8 1
 11 12 1
 11 14 1
 11 16 1
 11 17 1
 11 19 1
 12 2 1
 12 3 1
 12 4 1
 12 6 1
 12 9 1
 12 13 1
 12 15 1
 12 17 1
 13 2 1
 13 7 1
 13 10 1
 13 17 1
 13 18 1
 13 20 1
 14 2 1
 14 5 1
 14 9 1
 14 13 1
 14 15 1
 14 16 1
 14 18 1
 14 20 1
 15 1 1
 15 2 1
 15 4 1
 15 5 1
 15 6 1
 15 7 1
 15 8 1
 15 9 1
 15 11 1
 15 12 1
 15 16 1
 15 17 1
 15 18 1
 15 19 1
 15 20 1
 16 3 1
 16 4 1
 16 6 1
 16 7 1
 16 8 1
 16 10 1
 16 11 1
 16 12 1
 16 13 1
 16 14 1
 16 15 1
 16 17 1
 16 18 1
 16 20 1
 17 1 1
 17 4 1
 17 8 1
 17 10 1
 17 12 1
 17 13 1
 17 14 1
 17 15 1
 17 16 1
 17 19 1
 18 1 1
 18 2 1
 18 3 1
 18 4 1
 18 5 1
 18 6 1
 18 8 1
 18 10 1
 18 11 1
 18 12 1
 18 13 1
 18 15 1
 18 16 1
 19 1 1
 19 2 1
 19 3 1
 19 4 1
 19 5 1
 19 7 1
 19 11 1
 19 12 1
 19 13 1
 19 15 1
 19 17 1
 20 3 1
 20 4 1
 20 5 1
 20 8 1
 20 10 1
 20 11 1
 20 12 1
 20 16 1
 20 17 1
 20 18 1


