# Created by Octave 4.2.2, Mon Dec 13 20:30:36 2021 CST <lqg@qiguanglin-LC1>
# name: Map
# type: matrix
# rows: 909
# columns: 3
 1 2 1
 1 3 1
 1 5 1
 1 8 1
 1 11 1
 1 14 1
 1 15 1
 1 16 1
 1 17 1
 1 18 1
 1 20 1
 1 21 1
 1 27 1
 1 28 1
 1 30 1
 1 31 1
 1 34 1
 1 37 1
 1 38 1
 1 39 1
 1 40 1
 2 1 1
 2 4 1
 2 5 1
 2 6 1
 2 7 1
 2 8 1
 2 9 1
 2 10 1
 2 11 1
 2 14 1
 2 15 1
 2 16 1
 2 17 1
 2 18 1
 2 19 1
 2 20 1
 2 21 1
 2 23 1
 2 25 1
 2 26 1
 2 27 1
 2 28 1
 2 29 1
 2 30 1
 2 31 1
 2 33 1
 2 34 1
 2 36 1
 2 39 1
 2 40 1
 3 6 1
 3 8 1
 3 9 1
 3 10 1
 3 11 1
 3 16 1
 3 22 1
 3 24 1
 3 26 1
 3 27 1
 3 30 1
 3 31 1
 3 33 1
 3 34 1
 3 35 1
 3 36 1
 3 37 1
 3 40 1
 4 1 1
 4 2 1
 4 3 1
 4 5 1
 4 8 1
 4 9 1
 4 11 1
 4 14 1
 4 16 1
 4 19 1
 4 20 1
 4 21 1
 4 22 1
 4 24 1
 4 26 1
 4 27 1
 4 30 1
 4 33 1
 4 35 1
 4 36 1
 4 37 1
 4 38 1
 5 2 1
 5 3 1
 5 12 1
 5 13 1
 5 15 1
 5 17 1
 5 19 1
 5 20 1
 5 21 1
 5 22 1
 5 23 1
 5 26 1
 5 27 1
 5 28 1
 5 29 1
 5 30 1
 5 31 1
 5 32 1
 5 35 1
 5 36 1
 5 39 1
 6 2 1
 6 3 1
 6 4 1
 6 5 1
 6 9 1
 6 12 1
 6 13 1
 6 20 1
 6 22 1
 6 24 1
 6 25 1
 6 27 1
 6 28 1
 6 29 1
 6 30 1
 6 31 1
 6 35 1
 6 36 1
 6 39 1
 6 40 1
 7 2 1
 7 4 1
 7 5 1
 7 6 1
 7 8 1
 7 10 1
 7 11 1
 7 13 1
 7 17 1
 7 18 1
 7 19 1
 7 21 1
 7 22 1
 7 23 1
 7 25 1
 7 26 1
 7 32 1
 7 34 1
 7 37 1
 7 38 1
 7 39 1
 7 40 1
 8 1 1
 8 2 1
 8 3 1
 8 4 1
 8 6 1
 8 7 1
 8 9 1
 8 12 1
 8 13 1
 8 14 1
 8 16 1
 8 19 1
 8 21 1
 8 22 1
 8 23 1
 8 24 1
 8 26 1
 8 27 1
 8 28 1
 8 29 1
 8 31 1
 8 32 1
 8 36 1
 8 37 1
 8 40 1
 9 1 1
 9 2 1
 9 3 1
 9 5 1
 9 6 1
 9 7 1
 9 12 1
 9 13 1
 9 14 1
 9 15 1
 9 16 1
 9 18 1
 9 19 1
 9 20 1
 9 21 1
 9 23 1
 9 24 1
 9 26 1
 9 27 1
 9 29 1
 9 31 1
 9 35 1
 9 36 1
 9 38 1
 10 1 1
 10 2 1
 10 3 1
 10 4 1
 10 5 1
 10 6 1
 10 7 1
 10 8 1
 10 12 1
 10 14 1
 10 15 1
 10 17 1
 10 18 1
 10 20 1
 10 22 1
 10 23 1
 10 24 1
 10 26 1
 10 29 1
 10 30 1
 10 31 1
 10 32 1
 10 34 1
 10 35 1
 10 36 1
 10 37 1
 10 40 1
 11 1 1
 11 2 1
 11 3 1
 11 4 1
 11 6 1
 11 15 1
 11 17 1
 11 18 1
 11 22 1
 11 27 1
 11 28 1
 11 29 1
 11 30 1
 11 31 1
 11 33 1
 11 34 1
 11 35 1
 11 36 1
 11 37 1
 11 40 1
 12 1 1
 12 2 1
 12 5 1
 12 6 1
 12 7 1
 12 9 1
 12 10 1
 12 11 1
 12 13 1
 12 14 1
 12 15 1
 12 23 1
 12 24 1
 12 25 1
 12 28 1
 12 29 1
 12 30 1
 12 31 1
 12 32 1
 12 33 1
 12 34 1
 12 36 1
 12 37 1
 12 38 1
 12 40 1
 13 2 1
 13 4 1
 13 5 1
 13 6 1
 13 7 1
 13 8 1
 13 10 1
 13 15 1
 13 16 1
 13 18 1
 13 20 1
 13 22 1
 13 25 1
 13 27 1
 13 28 1
 13 30 1
 13 32 1
 13 34 1
 13 35 1
 13 37 1
 13 38 1
 13 39 1
 14 3 1
 14 5 1
 14 6 1
 14 7 1
 14 12 1
 14 15 1
 14 17 1
 14 18 1
 14 19 1
 14 21 1
 14 23 1
 14 26 1
 14 29 1
 14 35 1
 14 36 1
 14 37 1
 14 38 1
 14 40 1
 15 2 1
 15 3 1
 15 4 1
 15 5 1
 15 8 1
 15 9 1
 15 10 1
 15 11 1
 15 12 1
 15 13 1
 15 14 1
 15 16 1
 15 17 1
 15 18 1
 15 19 1
 15 20 1
 15 22 1
 15 23 1
 15 24 1
 15 27 1
 15 30 1
 15 34 1
 15 37 1
 15 38 1
 16 5 1
 16 9 1
 16 10 1
 16 12 1
 16 14 1
 16 15 1
 16 19 1
 16 20 1
 16 21 1
 16 23 1
 16 24 1
 16 25 1
 16 27 1
 16 29 1
 16 30 1
 16 31 1
 16 32 1
 16 34 1
 16 35 1
 16 39 1
 17 1 1
 17 2 1
 17 3 1
 17 4 1
 17 5 1
 17 6 1
 17 7 1
 17 9 1
 17 10 1
 17 13 1
 17 15 1
 17 18 1
 17 19 1
 17 20 1
 17 21 1
 17 22 1
 17 23 1
 17 30 1
 17 31 1
 17 32 1
 17 34 1
 17 35 1
 17 36 1
 17 37 1
 17 38 1
 17 40 1
 18 1 1
 18 2 1
 18 7 1
 18 9 1
 18 11 1
 18 12 1
 18 13 1
 18 14 1
 18 17 1
 18 20 1
 18 23 1
 18 25 1
 18 26 1
 18 27 1
 18 28 1
 18 30 1
 18 33 1
 18 34 1
 18 37 1
 18 39 1
 18 40 1
 19 1 1
 19 3 1
 19 5 1
 19 6 1
 19 7 1
 19 8 1
 19 10 1
 19 11 1
 19 12 1
 19 13 1
 19 16 1
 19 17 1
 19 20 1
 19 21 1
 19 22 1
 19 24 1
 19 25 1
 19 26 1
 19 28 1
 19 29 1
 19 30 1
 19 31 1
 19 32 1
 19 34 1
 19 36 1
 19 38 1
 19 39 1
 19 40 1
 20 1 1
 20 3 1
 20 4 1
 20 6 1
 20 7 1
 20 9 1
 20 11 1
 20 14 1
 20 15 1
 20 16 1
 20 17 1
 20 23 1
 20 24 1
 20 26 1
 20 28 1
 20 30 1
 20 31 1
 20 34 1
 20 35 1
 20 36 1
 20 37 1
 20 38 1
 20 40 1
 21 1 1
 21 2 1
 21 5 1
 21 6 1
 21 7 1
 21 9 1
 21 12 1
 21 16 1
 21 17 1
 21 18 1
 21 19 1
 21 20 1
 21 22 1
 21 26 1
 21 27 1
 21 28 1
 21 29 1
 21 30 1
 21 32 1
 21 33 1
 21 35 1
 21 36 1
 21 38 1
 21 39 1
 22 3 1
 22 6 1
 22 7 1
 22 9 1
 22 10 1
 22 11 1
 22 12 1
 22 13 1
 22 15 1
 22 17 1
 22 18 1
 22 20 1
 22 25 1
 22 26 1
 22 27 1
 22 28 1
 22 30 1
 22 31 1
 22 35 1
 22 36 1
 22 38 1
 22 39 1
 22 40 1
 23 1 1
 23 2 1
 23 3 1
 23 6 1
 23 8 1
 23 10 1
 23 14 1
 23 15 1
 23 17 1
 23 18 1
 23 19 1
 23 20 1
 23 24 1
 23 25 1
 23 27 1
 23 28 1
 23 29 1
 23 30 1
 23 33 1
 23 34 1
 23 36 1
 23 37 1
 23 40 1
 24 3 1
 24 5 1
 24 7 1
 24 8 1
 24 10 1
 24 15 1
 24 16 1
 24 17 1
 24 19 1
 24 20 1
 24 22 1
 24 23 1
 24 26 1
 24 29 1
 24 30 1
 24 31 1
 24 32 1
 24 33 1
 24 35 1
 24 36 1
 24 37 1
 24 39 1
 24 40 1
 25 1 1
 25 3 1
 25 4 1
 25 5 1
 25 6 1
 25 11 1
 25 13 1
 25 15 1
 25 17 1
 25 18 1
 25 22 1
 25 28 1
 25 29 1
 25 30 1
 25 31 1
 25 33 1
 25 34 1
 25 35 1
 25 37 1
 25 38 1
 25 40 1
 26 2 1
 26 4 1
 26 6 1
 26 9 1
 26 10 1
 26 13 1
 26 17 1
 26 19 1
 26 20 1
 26 21 1
 26 22 1
 26 25 1
 26 27 1
 26 28 1
 26 29 1
 26 30 1
 26 31 1
 26 33 1
 26 35 1
 26 36 1
 26 37 1
 26 39 1
 26 40 1
 27 1 1
 27 3 1
 27 4 1
 27 6 1
 27 8 1
 27 11 1
 27 13 1
 27 14 1
 27 16 1
 27 18 1
 27 19 1
 27 20 1
 27 21 1
 27 23 1
 27 24 1
 27 25 1
 27 26 1
 27 28 1
 27 30 1
 27 32 1
 27 33 1
 27 34 1
 27 37 1
 27 38 1
 27 39 1
 28 2 1
 28 3 1
 28 5 1
 28 6 1
 28 7 1
 28 11 1
 28 13 1
 28 14 1
 28 16 1
 28 17 1
 28 21 1
 28 22 1
 28 23 1
 28 24 1
 28 26 1
 28 27 1
 28 29 1
 28 30 1
 28 32 1
 28 36 1
 28 37 1
 28 40 1
 29 1 1
 29 2 1
 29 4 1
 29 6 1
 29 10 1
 29 11 1
 29 12 1
 29 15 1
 29 16 1
 29 19 1
 29 20 1
 29 21 1
 29 23 1
 29 24 1
 29 26 1
 29 28 1
 29 32 1
 29 33 1
 29 34 1
 29 35 1
 29 36 1
 29 37 1
 29 38 1
 29 40 1
 30 1 1
 30 2 1
 30 3 1
 30 4 1
 30 10 1
 30 13 1
 30 15 1
 30 16 1
 30 17 1
 30 18 1
 30 19 1
 30 22 1
 30 25 1
 30 28 1
 30 34 1
 30 35 1
 30 40 1
 31 1 1
 31 5 1
 31 8 1
 31 10 1
 31 14 1
 31 15 1
 31 17 1
 31 18 1
 31 20 1
 31 21 1
 31 24 1
 31 25 1
 31 26 1
 31 27 1
 31 28 1
 31 32 1
 31 33 1
 31 36 1
 31 37 1
 31 38 1
 32 1 1
 32 2 1
 32 6 1
 32 7 1
 32 8 1
 32 9 1
 32 12 1
 32 13 1
 32 15 1
 32 16 1
 32 17 1
 32 18 1
 32 19 1
 32 20 1
 32 22 1
 32 25 1
 32 29 1
 32 33 1
 32 39 1
 33 5 1
 33 6 1
 33 7 1
 33 8 1
 33 9 1
 33 11 1
 33 14 1
 33 15 1
 33 16 1
 33 18 1
 33 19 1
 33 20 1
 33 21 1
 33 23 1
 33 26 1
 33 27 1
 33 28 1
 33 31 1
 33 34 1
 33 35 1
 33 37 1
 33 40 1
 34 1 1
 34 3 1
 34 5 1
 34 6 1
 34 7 1
 34 9 1
 34 10 1
 34 11 1
 34 13 1
 34 15 1
 34 18 1
 34 20 1
 34 22 1
 34 23 1
 34 24 1
 34 26 1
 34 28 1
 34 29 1
 34 30 1
 34 31 1
 34 33 1
 34 36 1
 34 37 1
 35 3 1
 35 4 1
 35 5 1
 35 7 1
 35 8 1
 35 10 1
 35 11 1
 35 14 1
 35 16 1
 35 17 1
 35 18 1
 35 20 1
 35 21 1
 35 23 1
 35 24 1
 35 25 1
 35 28 1
 35 29 1
 35 31 1
 35 32 1
 35 33 1
 35 34 1
 35 36 1
 35 37 1
 35 39 1
 36 1 1
 36 2 1
 36 5 1
 36 6 1
 36 8 1
 36 9 1
 36 11 1
 36 13 1
 36 15 1
 36 16 1
 36 17 1
 36 18 1
 36 19 1
 36 20 1
 36 21 1
 36 22 1
 36 23 1
 36 25 1
 36 27 1
 36 31 1
 36 32 1
 36 40 1
 37 1 1
 37 5 1
 37 7 1
 37 8 1
 37 9 1
 37 10 1
 37 11 1
 37 14 1
 37 15 1
 37 16 1
 37 17 1
 37 18 1
 37 20 1
 37 22 1
 37 25 1
 37 26 1
 37 30 1
 37 31 1
 37 33 1
 37 35 1
 37 36 1
 37 39 1
 37 40 1
 38 1 1
 38 2 1
 38 3 1
 38 4 1
 38 5 1
 38 7 1
 38 9 1
 38 10 1
 38 11 1
 38 12 1
 38 14 1
 38 16 1
 38 17 1
 38 18 1
 38 19 1
 38 20 1
 38 21 1
 38 22 1
 38 24 1
 38 25 1
 38 28 1
 38 29 1
 38 30 1
 38 31 1
 38 34 1
 38 35 1
 38 36 1
 38 37 1
 38 39 1
 39 1 1
 39 4 1
 39 8 1
 39 9 1
 39 13 1
 39 14 1
 39 16 1
 39 17 1
 39 18 1
 39 22 1
 39 24 1
 39 25 1
 39 26 1
 39 28 1
 39 30 1
 39 31 1
 39 34 1
 39 36 1
 39 37 1
 40 1 1
 40 3 1
 40 5 1
 40 6 1
 40 9 1
 40 10 1
 40 11 1
 40 12 1
 40 14 1
 40 15 1
 40 16 1
 40 17 1
 40 20 1
 40 23 1
 40 25 1
 40 26 1
 40 27 1
 40 28 1
 40 29 1
 40 31 1
 40 34 1
 40 36 1
 40 37 1
 40 38 1
 40 39 1


