# Created by Octave 4.2.2, Mon Dec 13 20:30:47 2021 CST <lqg@qiguanglin-LC1>
# name: Map
# type: matrix
# rows: 1459
# columns: 3
 1 2 1
 1 4 1
 1 9 1
 1 11 1
 1 12 1
 1 13 1
 1 15 1
 1 16 1
 1 17 1
 1 18 1
 1 20 1
 1 22 1
 1 24 1
 1 25 1
 1 26 1
 1 29 1
 1 32 1
 1 33 1
 1 36 1
 1 38 1
 1 39 1
 1 42 1
 1 43 1
 1 44 1
 1 47 1
 1 48 1
 1 49 1
 2 4 1
 2 5 1
 2 8 1
 2 9 1
 2 12 1
 2 13 1
 2 14 1
 2 18 1
 2 20 1
 2 21 1
 2 22 1
 2 23 1
 2 24 1
 2 25 1
 2 26 1
 2 27 1
 2 29 1
 2 30 1
 2 31 1
 2 33 1
 2 34 1
 2 36 1
 2 39 1
 2 41 1
 2 43 1
 2 44 1
 2 47 1
 2 49 1
 2 50 1
 3 1 1
 3 2 1
 3 4 1
 3 5 1
 3 6 1
 3 8 1
 3 9 1
 3 10 1
 3 11 1
 3 12 1
 3 13 1
 3 15 1
 3 16 1
 3 17 1
 3 18 1
 3 22 1
 3 24 1
 3 25 1
 3 26 1
 3 30 1
 3 31 1
 3 34 1
 3 38 1
 3 41 1
 3 44 1
 3 45 1
 3 46 1
 3 47 1
 3 49 1
 4 7 1
 4 8 1
 4 9 1
 4 10 1
 4 11 1
 4 15 1
 4 16 1
 4 19 1
 4 20 1
 4 22 1
 4 23 1
 4 24 1
 4 31 1
 4 32 1
 4 33 1
 4 34 1
 4 37 1
 4 39 1
 4 40 1
 4 41 1
 4 42 1
 4 44 1
 4 45 1
 4 48 1
 4 50 1
 5 1 1
 5 3 1
 5 4 1
 5 6 1
 5 8 1
 5 10 1
 5 13 1
 5 14 1
 5 15 1
 5 16 1
 5 17 1
 5 18 1
 5 19 1
 5 21 1
 5 22 1
 5 23 1
 5 24 1
 5 25 1
 5 27 1
 5 30 1
 5 31 1
 5 33 1
 5 35 1
 5 37 1
 5 38 1
 5 39 1
 5 40 1
 5 41 1
 5 43 1
 5 44 1
 5 46 1
 5 47 1
 5 48 1
 5 49 1
 6 1 1
 6 2 1
 6 4 1
 6 7 1
 6 8 1
 6 9 1
 6 10 1
 6 11 1
 6 12 1
 6 17 1
 6 21 1
 6 22 1
 6 24 1
 6 25 1
 6 26 1
 6 27 1
 6 28 1
 6 32 1
 6 34 1
 6 36 1
 6 37 1
 6 42 1
 6 43 1
 6 44 1
 6 45 1
 6 46 1
 7 1 1
 7 2 1
 7 3 1
 7 5 1
 7 6 1
 7 8 1
 7 10 1
 7 11 1
 7 12 1
 7 13 1
 7 15 1
 7 16 1
 7 18 1
 7 20 1
 7 21 1
 7 23 1
 7 24 1
 7 25 1
 7 30 1
 7 31 1
 7 34 1
 7 35 1
 7 37 1
 7 39 1
 7 40 1
 7 44 1
 7 45 1
 7 46 1
 7 49 1
 7 50 1
 8 2 1
 8 7 1
 8 9 1
 8 12 1
 8 13 1
 8 14 1
 8 15 1
 8 16 1
 8 17 1
 8 18 1
 8 19 1
 8 26 1
 8 27 1
 8 28 1
 8 30 1
 8 31 1
 8 32 1
 8 33 1
 8 34 1
 8 35 1
 8 40 1
 8 43 1
 8 44 1
 8 45 1
 8 46 1
 8 47 1
 8 49 1
 8 50 1
 9 2 1
 9 3 1
 9 4 1
 9 6 1
 9 7 1
 9 13 1
 9 14 1
 9 16 1
 9 17 1
 9 18 1
 9 19 1
 9 25 1
 9 27 1
 9 28 1
 9 29 1
 9 30 1
 9 31 1
 9 35 1
 9 36 1
 9 39 1
 9 45 1
 9 46 1
 9 49 1
 10 1 1
 10 3 1
 10 4 1
 10 6 1
 10 8 1
 10 9 1
 10 11 1
 10 12 1
 10 13 1
 10 14 1
 10 19 1
 10 20 1
 10 21 1
 10 30 1
 10 31 1
 10 32 1
 10 34 1
 10 35 1
 10 36 1
 10 37 1
 10 38 1
 10 41 1
 10 45 1
 10 48 1
 10 50 1
 11 1 1
 11 3 1
 11 4 1
 11 9 1
 11 10 1
 11 14 1
 11 16 1
 11 17 1
 11 19 1
 11 20 1
 11 21 1
 11 22 1
 11 23 1
 11 24 1
 11 25 1
 11 26 1
 11 27 1
 11 29 1
 11 31 1
 11 32 1
 11 34 1
 11 35 1
 11 36 1
 11 37 1
 11 41 1
 11 42 1
 11 43 1
 11 44 1
 11 46 1
 11 47 1
 11 49 1
 12 2 1
 12 5 1
 12 7 1
 12 9 1
 12 11 1
 12 13 1
 12 16 1
 12 17 1
 12 18 1
 12 21 1
 12 24 1
 12 25 1
 12 26 1
 12 27 1
 12 28 1
 12 32 1
 12 33 1
 12 34 1
 12 37 1
 12 38 1
 12 39 1
 12 40 1
 12 42 1
 12 43 1
 12 48 1
 12 50 1
 13 1 1
 13 2 1
 13 3 1
 13 4 1
 13 6 1
 13 10 1
 13 11 1
 13 14 1
 13 16 1
 13 18 1
 13 19 1
 13 20 1
 13 21 1
 13 23 1
 13 24 1
 13 26 1
 13 28 1
 13 29 1
 13 33 1
 13 34 1
 13 35 1
 13 36 1
 13 37 1
 13 38 1
 13 39 1
 13 41 1
 13 43 1
 13 45 1
 13 46 1
 13 50 1
 14 1 1
 14 2 1
 14 3 1
 14 4 1
 14 6 1
 14 8 1
 14 9 1
 14 10 1
 14 12 1
 14 13 1
 14 16 1
 14 17 1
 14 19 1
 14 21 1
 14 23 1
 14 24 1
 14 29 1
 14 33 1
 14 35 1
 14 36 1
 14 40 1
 14 41 1
 14 42 1
 14 45 1
 14 46 1
 14 47 1
 14 48 1
 14 49 1
 15 5 1
 15 7 1
 15 11 1
 15 13 1
 15 14 1
 15 16 1
 15 17 1
 15 19 1
 15 20 1
 15 21 1
 15 22 1
 15 23 1
 15 24 1
 15 25 1
 15 26 1
 15 29 1
 15 30 1
 15 32 1
 15 34 1
 15 35 1
 15 36 1
 15 38 1
 15 41 1
 15 44 1
 15 45 1
 15 47 1
 15 48 1
 15 50 1
 16 3 1
 16 4 1
 16 5 1
 16 6 1
 16 7 1
 16 10 1
 16 11 1
 16 12 1
 16 13 1
 16 14 1
 16 15 1
 16 17 1
 16 19 1
 16 20 1
 16 21 1
 16 22 1
 16 23 1
 16 24 1
 16 28 1
 16 29 1
 16 30 1
 16 32 1
 16 33 1
 16 35 1
 16 37 1
 16 39 1
 16 40 1
 16 41 1
 16 43 1
 16 45 1
 16 46 1
 16 47 1
 16 48 1
 16 50 1
 17 1 1
 17 3 1
 17 4 1
 17 5 1
 17 6 1
 17 8 1
 17 9 1
 17 10 1
 17 11 1
 17 12 1
 17 14 1
 17 19 1
 17 21 1
 17 25 1
 17 26 1
 17 27 1
 17 29 1
 17 32 1
 17 34 1
 17 35 1
 17 36 1
 17 37 1
 17 38 1
 17 41 1
 17 42 1
 17 43 1
 17 44 1
 17 45 1
 17 46 1
 17 49 1
 17 50 1
 18 1 1
 18 3 1
 18 9 1
 18 10 1
 18 12 1
 18 13 1
 18 16 1
 18 21 1
 18 22 1
 18 23 1
 18 24 1
 18 25 1
 18 26 1
 18 28 1
 18 33 1
 18 34 1
 18 35 1
 18 36 1
 18 37 1
 18 40 1
 18 41 1
 18 43 1
 18 44 1
 18 45 1
 18 46 1
 18 47 1
 18 50 1
 19 2 1
 19 4 1
 19 5 1
 19 6 1
 19 9 1
 19 10 1
 19 12 1
 19 15 1
 19 17 1
 19 20 1
 19 21 1
 19 24 1
 19 25 1
 19 26 1
 19 27 1
 19 28 1
 19 30 1
 19 33 1
 19 34 1
 19 36 1
 19 38 1
 19 40 1
 19 41 1
 19 43 1
 19 45 1
 19 46 1
 19 48 1
 19 49 1
 19 50 1
 20 2 1
 20 5 1
 20 7 1
 20 9 1
 20 11 1
 20 12 1
 20 14 1
 20 15 1
 20 19 1
 20 22 1
 20 23 1
 20 24 1
 20 26 1
 20 28 1
 20 30 1
 20 31 1
 20 32 1
 20 33 1
 20 34 1
 20 35 1
 20 39 1
 20 43 1
 20 44 1
 20 47 1
 20 48 1
 21 1 1
 21 2 1
 21 3 1
 21 5 1
 21 8 1
 21 9 1
 21 12 1
 21 13 1
 21 14 1
 21 15 1
 21 16 1
 21 17 1
 21 18 1
 21 24 1
 21 25 1
 21 26 1
 21 27 1
 21 28 1
 21 29 1
 21 32 1
 21 33 1
 21 35 1
 21 36 1
 21 37 1
 21 39 1
 21 40 1
 21 43 1
 21 45 1
 21 48 1
 21 49 1
 21 50 1
 22 2 1
 22 6 1
 22 8 1
 22 9 1
 22 10 1
 22 15 1
 22 16 1
 22 17 1
 22 18 1
 22 19 1
 22 21 1
 22 23 1
 22 24 1
 22 26 1
 22 29 1
 22 31 1
 22 33 1
 22 35 1
 22 38 1
 22 39 1
 22 40 1
 22 41 1
 22 42 1
 22 45 1
 22 47 1
 22 49 1
 22 50 1
 23 1 1
 23 2 1
 23 3 1
 23 6 1
 23 7 1
 23 8 1
 23 9 1
 23 10 1
 23 12 1
 23 14 1
 23 15 1
 23 17 1
 23 18 1
 23 19 1
 23 20 1
 23 21 1
 23 25 1
 23 26 1
 23 27 1
 23 29 1
 23 32 1
 23 34 1
 23 36 1
 23 38 1
 23 39 1
 23 40 1
 23 41 1
 23 42 1
 23 47 1
 23 48 1
 23 50 1
 24 2 1
 24 3 1
 24 7 1
 24 9 1
 24 11 1
 24 14 1
 24 17 1
 24 18 1
 24 20 1
 24 21 1
 24 22 1
 24 23 1
 24 25 1
 24 26 1
 24 27 1
 24 29 1
 24 30 1
 24 35 1
 24 37 1
 24 39 1
 24 40 1
 24 41 1
 24 42 1
 24 43 1
 24 44 1
 24 46 1
 24 48 1
 24 49 1
 25 1 1
 25 3 1
 25 4 1
 25 5 1
 25 6 1
 25 7 1
 25 8 1
 25 9 1
 25 10 1
 25 11 1
 25 13 1
 25 14 1
 25 15 1
 25 17 1
 25 18 1
 25 22 1
 25 27 1
 25 29 1
 25 32 1
 25 33 1
 25 34 1
 25 35 1
 25 36 1
 25 38 1
 25 39 1
 25 40 1
 25 41 1
 25 42 1
 25 43 1
 25 45 1
 25 46 1
 25 47 1
 25 48 1
 25 49 1
 26 2 1
 26 3 1
 26 4 1
 26 5 1
 26 7 1
 26 8 1
 26 9 1
 26 10 1
 26 13 1
 26 14 1
 26 18 1
 26 22 1
 26 23 1
 26 24 1
 26 25 1
 26 27 1
 26 29 1
 26 30 1
 26 31 1
 26 32 1
 26 33 1
 26 34 1
 26 35 1
 26 37 1
 26 38 1
 26 39 1
 26 43 1
 26 47 1
 26 48 1
 26 49 1
 26 50 1
 27 1 1
 27 3 1
 27 5 1
 27 6 1
 27 7 1
 27 8 1
 27 9 1
 27 10 1
 27 11 1
 27 13 1
 27 14 1
 27 15 1
 27 16 1
 27 17 1
 27 18 1
 27 19 1
 27 20 1
 27 21 1
 27 22 1
 27 24 1
 27 26 1
 27 28 1
 27 29 1
 27 30 1
 27 32 1
 27 35 1
 27 36 1
 27 37 1
 27 38 1
 27 40 1
 27 43 1
 27 44 1
 27 45 1
 27 47 1
 27 48 1
 28 2 1
 28 3 1
 28 4 1
 28 5 1
 28 6 1
 28 7 1
 28 11 1
 28 12 1
 28 13 1
 28 14 1
 28 15 1
 28 17 1
 28 18 1
 28 19 1
 28 22 1
 28 23 1
 28 25 1
 28 26 1
 28 30 1
 28 32 1
 28 33 1
 28 35 1
 28 41 1
 28 42 1
 28 43 1
 28 47 1
 28 49 1
 29 1 1
 29 2 1
 29 4 1
 29 5 1
 29 7 1
 29 8 1
 29 9 1
 29 10 1
 29 13 1
 29 14 1
 29 15 1
 29 16 1
 29 17 1
 29 18 1
 29 20 1
 29 21 1
 29 23 1
 29 24 1
 29 25 1
 29 33 1
 29 34 1
 29 35 1
 29 37 1
 29 38 1
 29 39 1
 29 40 1
 29 41 1
 29 42 1
 29 43 1
 29 46 1
 29 50 1
 30 1 1
 30 2 1
 30 3 1
 30 6 1
 30 7 1
 30 8 1
 30 9 1
 30 10 1
 30 11 1
 30 13 1
 30 16 1
 30 19 1
 30 20 1
 30 21 1
 30 22 1
 30 24 1
 30 27 1
 30 32 1
 30 33 1
 30 35 1
 30 37 1
 30 38 1
 30 40 1
 30 42 1
 30 43 1
 30 44 1
 30 46 1
 30 50 1
 31 2 1
 31 5 1
 31 7 1
 31 8 1
 31 11 1
 31 12 1
 31 15 1
 31 16 1
 31 17 1
 31 18 1
 31 19 1
 31 22 1
 31 23 1
 31 24 1
 31 27 1
 31 28 1
 31 29 1
 31 32 1
 31 34 1
 31 36 1
 31 37 1
 31 38 1
 31 39 1
 31 43 1
 31 44 1
 31 45 1
 31 47 1
 31 48 1
 31 49 1
 32 1 1
 32 2 1
 32 6 1
 32 7 1
 32 10 1
 32 11 1
 32 12 1
 32 13 1
 32 15 1
 32 16 1
 32 17 1
 32 21 1
 32 22 1
 32 24 1
 32 25 1
 32 26 1
 32 27 1
 32 28 1
 32 29 1
 32 31 1
 32 34 1
 32 35 1
 32 36 1
