# Created by Octave 4.2.2, Mon Dec 13 20:30:23 2021 CST <lqg@qiguanglin-LC1>
# name: Map
# type: matrix
# rows: 58
# columns: 3
 1 2 1
 1 6 1
 1 7 1
 1 10 1
 2 1 1
 2 3 1
 2 4 1
 2 5 1
 2 7 1
 2 8 1
 2 9 1
 2 10 1
 3 4 1
 3 6 1
 3 8 1
 3 10 1
 4 1 1
 4 2 1
 4 3 1
 4 6 1
 4 8 1
 4 9 1
 4 10 1
 5 1 1
 5 2 1
 5 3 1
 5 6 1
 5 7 1
 5 8 1
 5 9 1
 5 10 1
 6 1 1
 6 3 1
 6 4 1
 6 5 1
 7 2 1
 7 3 1
 7 4 1
 7 6 1
 7 8 1
 7 10 1
 8 1 1
 8 2 1
 8 4 1
 8 6 1
 8 7 1
 8 10 1
 9 2 1
 9 3 1
 9 4 1
 9 5 1
 9 8 1
 10 1 1
 10 3 1
 10 4 1
 10 7 1
 10 8 1
 10 9 1


