# Created by Octave 4.2.2, Mon Dec 13 20:30:29 2021 CST <lqg@qiguanglin-LC1>
# name: Map
# type: matrix
# rows: 511
# columns: 3
 1 2 1
 1 3 1
 1 5 1
 1 6 1
 1 7 1
 1 8 1
 1 9 1
 1 10 1
 1 11 1
 1 12 1
 1 13 1
 1 16 1
 1 17 1
 1 18 1
 1 20 1
 1 21 1
 1 22 1
 1 23 1
 1 24 1
 1 25 1
 1 26 1
 1 27 1
 1 29 1
 2 3 1
 2 4 1
 2 5 1
 2 6 1
 2 8 1
 2 9 1
 2 10 1
 2 11 1
 2 14 1
 2 16 1
 2 18 1
 2 19 1
 2 20 1
 2 22 1
 2 24 1
 2 25 1
 2 27 1
 2 30 1
 3 2 1
 3 6 1
 3 8 1
 3 12 1
 3 13 1
 3 16 1
 3 17 1
 3 18 1
 3 20 1
 3 22 1
 3 23 1
 3 25 1
 3 26 1
 3 28 1
 3 30 1
 4 3 1
 4 5 1
 4 8 1
 4 10 1
 4 11 1
 4 12 1
 4 15 1
 4 17 1
 4 18 1
 4 19 1
 4 22 1
 4 23 1
 4 25 1
 4 26 1
 4 27 1
 4 28 1
 4 29 1
 4 30 1
 5 1 1
 5 2 1
 5 4 1
 5 6 1
 5 7 1
 5 8 1
 5 10 1
 5 11 1
 5 12 1
 5 14 1
 5 17 1
 5 20 1
 5 23 1
 5 26 1
 5 27 1
 6 1 1
 6 3 1
 6 7 1
 6 14 1
 6 15 1
 6 17 1
 6 18 1
 6 19 1
 6 21 1
 6 22 1
 6 24 1
 6 26 1
 6 27 1
 6 28 1
 6 29 1
 7 1 1
 7 2 1
 7 4 1
 7 6 1
 7 10 1
 7 11 1
 7 12 1
 7 13 1
 7 19 1
 7 24 1
 7 27 1
 7 28 1
 8 1 1
 8 3 1
 8 9 1
 8 11 1
 8 12 1
 8 14 1
 8 16 1
 8 17 1
 8 18 1
 8 20 1
 8 21 1
 8 22 1
 8 25 1
 8 26 1
 8 27 1
 8 28 1
 8 29 1
 9 1 1
 9 4 1
 9 5 1
 9 6 1
 9 7 1
 9 11 1
 9 12 1
 9 14 1
 9 15 1
 9 17 1
 9 19 1
 9 21 1
 9 23 1
 9 24 1
 9 25 1
 9 26 1
 9 28 1
 9 29 1
 9 30 1
 10 2 1
 10 5 1
 10 6 1
 10 7 1
 10 8 1
 10 12 1
 10 13 1
 10 14 1
 10 15 1
 10 16 1
 10 19 1
 10 26 1
 10 27 1
 10 28 1
 10 29 1
 11 2 1
 11 3 1
 11 4 1
 11 5 1
 11 6 1
 11 7 1
 11 9 1
 11 10 1
 11 13 1
 11 14 1
 11 18 1
 11 19 1
 11 20 1
 11 23 1
 11 25 1
 11 26 1
 11 27 1
 11 28 1
 11 29 1
 11 30 1
 12 1 1
 12 2 1
 12 3 1
 12 5 1
 12 7 1
 12 8 1
 12 9 1
 12 10 1
 12 11 1
 12 13 1
 12 14 1
 12 16 1
 12 18 1
 12 20 1
 12 24 1
 12 27 1
 12 28 1
 12 30 1
 13 2 1
 13 3 1
 13 4 1
 13 5 1
 13 6 1
 13 8 1
 13 9 1
 13 12 1
 13 19 1
 13 20 1
 13 21 1
 13 22 1
 13 23 1
 13 26 1
 13 27 1
 13 30 1
 14 1 1
 14 2 1
 14 4 1
 14 6 1
 14 7 1
 14 10 1
 14 11 1
 14 12 1
 14 13 1
 14 17 1
 14 18 1
 14 19 1
 14 20 1
 14 23 1
 14 24 1
 14 26 1
 14 27 1
 14 28 1
 14 29 1
 15 1 1
 15 3 1
 15 4 1
 15 5 1
 15 6 1
 15 7 1
 15 8 1
 15 9 1
 15 10 1
 15 11 1
 15 13 1
 15 21 1
 15 22 1
 15 24 1
 15 28 1
 15 30 1
 16 1 1
 16 8 1
 16 9 1
 16 12 1
 16 14 1
 16 15 1
 16 17 1
 16 21 1
 16 23 1
 16 24 1
 16 26 1
 16 29 1
 16 30 1
 17 1 1
 17 2 1
 17 4 1
 17 7 1
 17 8 1
 17 9 1
 17 10 1
 17 11 1
 17 12 1
 17 16 1
 17 18 1
 17 21 1
 17 22 1
 17 25 1
 17 26 1
 18 6 1
 18 7 1
 18 8 1
 18 9 1
 18 10 1
 18 11 1
 18 12 1
 18 13 1
 18 14 1
 18 15 1
 18 16 1
 18 17 1
 18 20 1
 18 24 1
 18 26 1
 18 27 1
 18 29 1
 19 1 1
 19 2 1
 19 3 1
 19 7 1
 19 8 1
 19 9 1
 19 10 1
 19 11 1
 19 12 1
 19 14 1
 19 15 1
 19 16 1
 19 17 1
 19 20 1
 19 21 1
 19 25 1
 19 28 1
 19 29 1
 20 2 1
 20 3 1
 20 4 1
 20 7 1
 20 8 1
 20 9 1
 20 11 1
 20 12 1
 20 13 1
 20 15 1
 20 16 1
 20 21 1
 20 22 1
 20 23 1
 20 24 1
 20 25 1
 20 27 1
 20 28 1
 20 30 1
 21 1 1
 21 3 1
 21 4 1
 21 5 1
 21 6 1
 21 7 1
 21 9 1
 21 11 1
 21 12 1
 21 13 1
 21 14 1
 21 15 1
 21 16 1
 21 17 1
 21 19 1
 21 20 1
 21 22 1
 21 24 1
 21 25 1
 21 26 1
 21 27 1
 22 5 1
 22 8 1
 22 9 1
 22 10 1
 22 11 1
 22 12 1
 22 13 1
 22 14 1
 22 15 1
 22 16 1
 22 17 1
 22 19 1
 22 20 1
 22 24 1
 22 25 1
 22 26 1
 22 27 1
 23 2 1
 23 5 1
 23 6 1
 23 7 1
 23 10 1
 23 11 1
 23 13 1
 23 15 1
 23 16 1
 23 17 1
 23 20 1
 23 21 1
 23 22 1
 23 24 1
 23 25 1
 23 26 1
 23 28 1
 23 29 1
 23 30 1
 24 4 1
 24 6 1
 24 8 1
 24 9 1
 24 11 1
 24 12 1
 24 15 1
 24 16 1
 24 19 1
 24 22 1
 24 26 1
 24 27 1
 24 28 1
 24 30 1
 25 1 1
 25 2 1
 25 4 1
 25 7 1
 25 9 1
 25 12 1
 25 15 1
 25 17 1
 25 19 1
 25 23 1
 25 24 1
 25 26 1
 25 27 1
 25 29 1
 26 1 1
 26 2 1
 26 3 1
 26 4 1
 26 5 1
 26 6 1
 26 7 1
 26 8 1
 26 9 1
 26 10 1
 26 11 1
 26 13 1
 26 15 1
 26 16 1
 26 17 1
 26 18 1
 26 20 1
 26 21 1
 26 25 1
 26 29 1
 26 30 1
 27 1 1
 27 2 1
 27 3 1
 27 6 1
 27 7 1
 27 10 1
 27 11 1
 27 13 1
 27 15 1
 27 17 1
 27 19 1
 27 21 1
 27 23 1
 27 25 1
 27 29 1
 27 30 1
 28 1 1
 28 4 1
 28 5 1
 28 8 1
 28 9 1
 28 10 1
 28 11 1
 28 12 1
 28 13 1
 28 14 1
 28 18 1
 28 19 1
 28 20 1
 28 21 1
 28 26 1
 29 1 1
 29 4 1
 29 5 1
 29 11 1
 29 14 1
 29 16 1
 29 18 1
 29 20 1
 29 21 1
 29 23 1
 29 25 1
 29 26 1
 29 27 1
 29 28 1
 29 30 1
 30 1 1
 30 3 1
 30 6 1
 30 7 1
 30 8 1
 30 9 1
 30 10 1
 30 11 1
 30 12 1
 30 13 1
 30 14 1
 30 15 1
 30 18 1
 30 20 1
 30 21 1
 30 22 1
 30 23 1
 30 24 1
 30 26 1
 30 27 1
 30 28 1


