# Created by Octave 4.2.2, Mon Dec 13 20:30:31 2021 CST <lqg@qiguanglin-LC1>
# name: Map
# type: matrix
# rows: 950
# columns: 3
 1 4 1
 1 6 1
 1 7 1
 1 8 1
 1 9 1
 1 10 1
 1 13 1
 1 16 1
 1 17 1
 1 18 1
 1 19 1
 1 21 1
 1 23 1
 1 24 1
 1 26 1
 1 27 1
 1 28 1
 1 29 1
 1 30 1
 1 32 1
 1 33 1
 1 34 1
 1 36 1
 1 38 1
 2 1 1
 2 3 1
 2 9 1
 2 10 1
 2 11 1
 2 12 1
 2 13 1
 2 15 1
 2 17 1
 2 18 1
 2 19 1
 2 20 1
 2 21 1
 2 24 1
 2 25 1
 2 29 1
 2 31 1
 2 33 1
 2 35 1
 2 36 1
 2 37 1
 2 38 1
 3 1 1
 3 2 1
 3 10 1
 3 11 1
 3 12 1
 3 13 1
 3 14 1
 3 16 1
 3 17 1
 3 18 1
 3 19 1
 3 20 1
 3 21 1
 3 22 1
 3 25 1
 3 26 1
 3 28 1
 3 30 1
 3 31 1
 3 33 1
 3 34 1
 3 35 1
 3 36 1
 3 38 1
 3 39 1
 3 40 1
 4 1 1
 4 2 1
 4 3 1
 4 6 1
 4 7 1
 4 8 1
 4 9 1
 4 11 1
 4 12 1
 4 16 1
 4 18 1
 4 22 1
 4 23 1
 4 24 1
 4 25 1
 4 26 1
 4 27 1
 4 28 1
 4 30 1
 4 32 1
 4 33 1
 4 34 1
 4 36 1
 4 37 1
 4 39 1
 4 40 1
 5 1 1
 5 4 1
 5 6 1
 5 8 1
 5 9 1
 5 10 1
 5 12 1
 5 13 1
 5 15 1
 5 17 1
 5 18 1
 5 19 1
 5 20 1
 5 21 1
 5 24 1
 5 25 1
 5 26 1
 5 28 1
 5 30 1
 5 32 1
 5 33 1
 5 36 1
 5 38 1
 5 40 1
 6 2 1
 6 3 1
 6 4 1
 6 7 1
 6 8 1
 6 9 1
 6 11 1
 6 15 1
 6 16 1
 6 17 1
 6 18 1
 6 19 1
 6 20 1
 6 22 1
 6 23 1
 6 24 1
 6 25 1
 6 26 1
 6 30 1
 6 31 1
 6 32 1
 6 33 1
 6 36 1
 6 38 1
 6 39 1
 6 40 1
 7 2 1
 7 3 1
 7 4 1
 7 6 1
 7 8 1
 7 10 1
 7 12 1
 7 14 1
 7 15 1
 7 16 1
 7 19 1
 7 21 1
 7 22 1
 7 24 1
 7 25 1
 7 26 1
 7 27 1
 7 28 1
 7 29 1
 7 30 1
 7 31 1
 7 34 1
 7 35 1
 7 39 1
 8 1 1
 8 2 1
 8 4 1
 8 5 1
 8 7 1
 8 10 1
 8 12 1
 8 16 1
 8 19 1
 8 20 1
 8 24 1
 8 25 1
 8 26 1
 8 28 1
 8 29 1
 8 30 1
 8 31 1
 8 33 1
 8 34 1
 8 36 1
 8 37 1
 8 38 1
 9 3 1
 9 5 1
 9 6 1
 9 8 1
 9 12 1
 9 13 1
 9 15 1
 9 17 1
 9 18 1
 9 19 1
 9 21 1
 9 23 1
 9 28 1
 9 30 1
 9 31 1
 9 34 1
 9 36 1
 9 38 1
 9 39 1
 9 40 1
 10 2 1
 10 4 1
 10 5 1
 10 6 1
 10 7 1
 10 9 1
 10 11 1
 10 12 1
 10 15 1
 10 17 1
 10 24 1
 10 25 1
 10 26 1
 10 27 1
 10 29 1
 10 31 1
 10 32 1
 10 33 1
 10 37 1
 10 39 1
 10 40 1
 11 2 1
 11 3 1
 11 5 1
 11 6 1
 11 8 1
 11 10 1
 11 13 1
 11 14 1
 11 16 1
 11 17 1
 11 20 1
 11 21 1
 11 22 1
 11 24 1
 11 25 1
 11 26 1
 11 28 1
 11 29 1
 11 30 1
 11 31 1
 11 33 1
 11 35 1
 11 37 1
 11 38 1
 11 40 1
 12 1 1
 12 2 1
 12 7 1
 12 9 1
 12 10 1
 12 11 1
 12 14 1
 12 16 1
 12 18 1
 12 20 1
 12 21 1
 12 22 1
 12 23 1
 12 25 1
 12 26 1
 12 28 1
 12 29 1
 12 30 1
 12 31 1
 12 32 1
 12 34 1
 12 35 1
 12 36 1
 12 39 1
 12 40 1
 13 1 1
 13 2 1
 13 3 1
 13 5 1
 13 7 1
 13 8 1
 13 10 1
 13 12 1
 13 14 1
 13 16 1
 13 17 1
 13 18 1
 13 19 1
 13 20 1
 13 22 1
 13 23 1
 13 24 1
 13 26 1
 13 27 1
 13 28 1
 13 29 1
 13 30 1
 13 31 1
 13 32 1
 13 33 1
 13 36 1
 13 37 1
 13 38 1
 13 39 1
 13 40 1
 14 2 1
 14 3 1
 14 4 1
 14 6 1
 14 11 1
 14 12 1
 14 13 1
 14 15 1
 14 17 1
 14 18 1
 14 19 1
 14 20 1
 14 21 1
 14 22 1
 14 23 1
 14 26 1
 14 30 1
 14 31 1
 14 32 1
 14 34 1
 14 36 1
 14 39 1
 14 40 1
 15 1 1
 15 3 1
 15 4 1
 15 5 1
 15 6 1
 15 7 1
 15 12 1
 15 13 1
 15 14 1
 15 16 1
 15 17 1
 15 21 1
 15 22 1
 15 25 1
 15 26 1
 15 28 1
 15 30 1
 15 31 1
 15 32 1
 15 36 1
 15 40 1
 16 1 1
 16 2 1
 16 3 1
 16 5 1
 16 7 1
 16 9 1
 16 10 1
 16 11 1
 16 12 1
 16 14 1
 16 15 1
 16 17 1
 16 22 1
 16 23 1
 16 24 1
 16 26 1
 16 29 1
 16 30 1
 16 36 1
 16 37 1
 17 1 1
 17 2 1
 17 3 1
 17 4 1
 17 5 1
 17 8 1
 17 9 1
 17 10 1
 17 12 1
 17 14 1
 17 15 1
 17 16 1
 17 19 1
 17 22 1
 17 23 1
 17 24 1
 17 25 1
 17 26 1
 17 34 1
 17 35 1
 17 36 1
 17 37 1
 17 40 1
 18 1 1
 18 2 1
 18 3 1
 18 4 1
 18 7 1
 18 8 1
 18 9 1
 18 10 1
 18 13 1
 18 14 1
 18 15 1
 18 16 1
 18 17 1
 18 20 1
 18 23 1
 18 24 1
 18 25 1
 18 27 1
 18 28 1
 18 29 1
 18 31 1
 18 32 1
 18 33 1
 18 35 1
 18 37 1
 18 38 1
 18 39 1
 18 40 1
 19 1 1
 19 2 1
 19 4 1
 19 5 1
 19 6 1
 19 7 1
 19 8 1
 19 11 1
 19 12 1
 19 13 1
 19 17 1
 19 20 1
 19 21 1
 19 25 1
 19 26 1
 19 27 1
 19 29 1
 19 32 1
 19 35 1
 19 38 1
 19 39 1
 20 1 1
 20 6 1
 20 7 1
 20 8 1
 20 9 1
 20 10 1
 20 11 1
 20 13 1
 20 14 1
 20 15 1
 20 16 1
 20 17 1
 20 18 1
 20 21 1
 20 24 1
 20 25 1
 20 26 1
 20 31 1
 20 33 1
 20 34 1
 20 35 1
 20 37 1
 20 38 1
 20 39 1
 20 40 1
 21 1 1
 21 3 1
 21 4 1
 21 5 1
 21 6 1
 21 7 1
 21 8 1
 21 10 1
 21 11 1
 21 12 1
 21 13 1
 21 14 1
 21 15 1
 21 16 1
 21 18 1
 21 19 1
 21 20 1
 21 22 1
 21 23 1
 21 30 1
 21 33 1
 21 35 1
 21 37 1
 21 40 1
 22 1 1
 22 2 1
 22 3 1
 22 6 1
 22 7 1
 22 9 1
 22 10 1
 22 11 1
 22 12 1
 22 14 1
 22 15 1
 22 16 1
 22 18 1
 22 20 1
 22 21 1
 22 24 1
 22 25 1
 22 27 1
 22 28 1
 22 30 1
 22 31 1
 22 32 1
 22 36 1
 22 37 1
 22 40 1
 23 2 1
 23 3 1
 23 7 1
 23 8 1
 23 9 1
 23 13 1
 23 14 1
 23 15 1
 23 18 1
 23 20 1
 23 21 1
 23 22 1
 23 24 1
 23 25 1
 23 26 1
 23 27 1
 23 28 1
 23 32 1
 23 33 1
 23 34 1
 23 35 1
 23 37 1
 23 40 1
 24 1 1
 24 3 1
 24 4 1
 24 5 1
 24 6 1
 24 7 1
 24 11 1
 24 12 1
 24 13 1
 24 14 1
 24 16 1
 24 17 1
 24 19 1
 24 20 1
 24 21 1
 24 22 1
 24 25 1
 24 26 1
 24 28 1
 24 29 1
 24 30 1
 24 32 1
 24 33 1
 24 35 1
 24 36 1
 24 37 1
 24 38 1
 24 39 1
 25 2 1
 25 4 1
 25 5 1
 25 6 1
 25 12 1
 25 13 1
 25 14 1
 25 15 1
 25 16 1
 25 17 1
 25 18 1
 25 20 1
 25 21 1
 25 22 1
 25 24 1
 25 26 1
 25 27 1
 25 28 1
 25 29 1
 25 32 1
 25 35 1
 25 37 1
 25 38 1
 26 1 1
 26 5 1
 26 7 1
 26 8 1
 26 10 1
 26 12 1
 26 13 1
 26 16 1
 26 17 1
 26 20 1
 26 21 1
 26 23 1
 26 25 1
 26 28 1
 26 29 1
 26 30 1
 26 31 1
 26 32 1
 26 33 1
 26 34 1
 26 35 1
 26 36 1
 26 37 1
 26 38 1
 27 2 1
 27 5 1
 27 6 1
 27 12 1
 27 13 1
 27 15 1
 27 16 1
 27 19 1
 27 20 1
 27 21 1
 27 22 1
 27 25 1
 27 31 1
 27 32 1
 27 33 1
 27 34 1
 27 36 1
 27 38 1
 27 39 1
 27 40 1
 28 2 1
 28 3 1
 28 4 1
 28 6 1
 28 7 1
 28 8 1
 28 10 1
 28 11 1
 28 12 1
 28 14 1
 28 15 1
 28 16 1
 28 20 1
 28 21 1
 28 22 1
 28 23 1
 28 24 1
 28 25 1
 28 26 1
 28 29 1
 28 33 1
 28 35 1
 28 36 1
 28 39 1
 28 40 1
 29 2 1
 29 4 1
 29 5 1
 29 9 1
 29 10 1
 29 13 1
 29 15 1
 29 16 1
 29 17 1
 29 18 1
 29 20 1
 29 21 1
 29 23 1
 29 24 1
 29 25 1
 29 26 1
 29 27 1
 29 33 1
 29 35 1
 29 36 1
 29 37 1
 30 2 1
 30 4 1
 30 5 1
 30 6 1
 30 7 1
 30 8 1
 30 11 1
 30 15 1
 30 16 1
 30 19 1
 30 20 1
 30 21 1
 30 22 1
 30 23 1
 30 24 1
 30 25 1
 30 26 1
 30 27 1
 30 29 1
 30 31 1
 30 33 1
 30 34 1
 30 35 1
 30 36 1
 30 37 1
 30 39 1
 30 40 1
 31 1 1
 31 2 1
 31 5 1
 31 6 1
 31 8 1
 31 9 1
 31 10 1
 31 14 1
 31 15 1
 31 17 1
 31 18 1
 31 20 1
 31 21 1
 31 24 1
 31 27 1
 31 29 1
 31 33 1
 31 34 1
 31 36 1
 31 37 1
 31 38 1
 31 40 1
 32 1 1
 32 2 1
 32 4 1
 32 5 1
 32 7 1
 32 9 1
 32 12 1
 32 13 1
 32 14 1
 32 15 1
 32 16 1
 32 17 1
 32 19 1
 32 20 1
 32 21 1
 32 23 1
 32 25 1
 32 26 1
 32 27 1
 32 30 1
 32 33 1
 32 34 1
 32 35 1
 32 36 1
 32 37 1
 32 39 1
 33 1 1
 33 2 1
 33 4 1
 33 5 1
 33 6 1
 33 7 1
 33 8 1
 33 10 1
 33 11 1
 33 13 1
 33 14 1
 33 16 1
 33 17 1
 33 18 1
 33 20 1
 33 21 1
 33 22 1
 33 24 1
 33 25 1
 33 29 1
 33 31 1
 33 32 1
 33 35 1
 33 38 1
 33 39 1
 34 1 1
 34 2 1
 34 3 1
 34 4 1
 34 5 1
 34 8 1
 34 9 1
 34 10 1
 34 12 1
 34 14 1
 34 15 1
 34 17 1
 34 20 1
 34 22 1
 34 23 1
 34 24 1
 34 25 1
 34 28 1
 34 29 1
 34 31 1
 34 33 1
 34 38 1
 34 39 1
 35 1 1
 35 2 1
 35 3 1
 35 5 1
 35 6 1
 35 8 1
 35 9 1
 35 10 1
 35 12 1
 35 13 1
 35 14 1
 35 15 1
 35 17 1
 35 18 1
 35 19 1
 35 22 1
 35 23 1
 35 24 1
 35 26 1
 35 28 1
 35 30 1
 35 32 1
 35 34 1
 35 37 1
 35 38 1
 35 39 1
 36 2 1
 36 4 1
 36 5 1
 36 8 1
 36 9 1
 36 10 1
 36 13 1
 36 15 1
 36 16 1
 36 19 1
 36 21 1
 36 22 1
 36 23 1
 36 25 1
 36 26 1
 36 29 1
 36 31 1
 36 33 1
 36 39 1
 36 40 1
 37 1 1
 37 2 1
 37 3 1
 37 4 1
 37 5 1
 37 6 1
 37 7 1
 37 8 1
 37 9 1
 37 10 1
 37 11 1
 37 13 1
 37 15 1
 37 16 1
 37 18 1
 37 20 1
 37 21 1
 37 25 1
 37 26 1
 37 28 1
 37 29 1
 37 36 1
 37 39 1
 37 40 1
 38 3 1
 38 5 1
 38 6 1
 38 7 1
 38 9 1
 38 11 1
 38 12 1
 38 15 1
 38 18 1
 38 19 1
 38 21 1
 38 22 1
 38 23 1
 38 24 1
 38 25 1
 38 26 1
 38 27 1
 38 28 1
 38 29 1
 38 31 1
 38 32 1
 38 33 1
 38 34 1
 38 37 1
 38 40 1
 39 5 1
 39 6 1
 39 14 1
 39 16 1
 39 19 1
 39 21 1
 39 25 1
 39 26 1
 39 27 1
 39 29 1
 39 32 1
 39 33 1
 39 34 1
 39 35 1
