# Created by Octave 4.2.2, Mon Dec 13 20:30:40 2021 CST <lqg@qiguanglin-LC1>
# name: Map
# type: matrix
# rows: 1526
# columns: 3
 1 2 1
 1 4 1
 1 6 1
 1 7 1
 1 8 1
 1 11 1
 1 17 1
 1 18 1
 1 19 1
 1 20 1
 1 21 1
 1 22 1
 1 23 1
 1 24 1
 1 25 1
 1 26 1
 1 28 1
 1 29 1
 1 30 1
 1 32 1
 1 33 1
 1 37 1
 1 39 1
 1 41 1
 1 42 1
 1 44 1
 1 47 1
 1 48 1
 1 49 1
 1 50 1
 2 1 1
 2 5 1
 2 6 1
 2 8 1
 2 9 1
 2 11 1
 2 12 1
 2 13 1
 2 15 1
 2 17 1
 2 18 1
 2 19 1
 2 20 1
 2 21 1
 2 22 1
 2 23 1
 2 24 1
 2 27 1
 2 28 1
 2 29 1
 2 30 1
 2 33 1
 2 34 1
 2 35 1
 2 36 1
 2 38 1
 2 40 1
 2 41 1
 2 42 1
 2 44 1
 2 45 1
 2 48 1
 2 50 1
 3 2 1
 3 4 1
 3 5 1
 3 7 1
 3 8 1
 3 9 1
 3 11 1
 3 13 1
 3 15 1
 3 16 1
 3 17 1
 3 19 1
 3 20 1
 3 21 1
 3 22 1
 3 23 1
 3 25 1
 3 27 1
 3 28 1
 3 29 1
 3 30 1
 3 31 1
 3 33 1
 3 34 1
 3 37 1
 3 38 1
 3 40 1
 3 41 1
 3 43 1
 3 45 1
 3 48 1
 3 49 1
 3 50 1
 4 1 1
 4 3 1
 4 5 1
 4 6 1
 4 8 1
 4 11 1
 4 12 1
 4 14 1
 4 15 1
 4 16 1
 4 17 1
 4 20 1
 4 22 1
 4 23 1
 4 24 1
 4 26 1
 4 27 1
 4 30 1
 4 31 1
 4 33 1
 4 35 1
 4 36 1
 4 38 1
 4 39 1
 4 40 1
 4 41 1
 4 42 1
 4 43 1
 4 44 1
 4 45 1
 4 46 1
 4 47 1
 4 50 1
 5 1 1
 5 3 1
 5 6 1
 5 10 1
 5 11 1
 5 15 1
 5 16 1
 5 17 1
 5 19 1
 5 24 1
 5 28 1
 5 29 1
 5 30 1
 5 33 1
 5 36 1
 5 38 1
 5 41 1
 5 42 1
 5 45 1
 5 46 1
 5 47 1
 5 48 1
 5 50 1
 6 2 1
 6 8 1
 6 11 1
 6 12 1
 6 16 1
 6 18 1
 6 19 1
 6 20 1
 6 23 1
 6 24 1
 6 25 1
 6 26 1
 6 27 1
 6 29 1
 6 30 1
 6 31 1
 6 32 1
 6 34 1
 6 35 1
 6 37 1
 6 41 1
 6 42 1
 6 43 1
 6 45 1
 6 46 1
 6 48 1
 6 49 1
 7 2 1
 7 8 1
 7 9 1
 7 10 1
 7 12 1
 7 13 1
 7 14 1
 7 16 1
 7 22 1
 7 24 1
 7 26 1
 7 28 1
 7 32 1
 7 33 1
 7 34 1
 7 35 1
 7 36 1
 7 37 1
 7 38 1
 7 39 1
 7 40 1
 7 42 1
 7 43 1
 7 48 1
 7 49 1
 8 9 1
 8 10 1
 8 12 1
 8 13 1
 8 14 1
 8 15 1
 8 17 1
 8 19 1
 8 20 1
 8 23 1
 8 25 1
 8 26 1
 8 28 1
 8 29 1
 8 30 1
 8 34 1
 8 36 1
 8 37 1
 8 38 1
 8 42 1
 8 43 1
 8 47 1
 8 49 1
 8 50 1
 9 1 1
 9 2 1
 9 7 1
 9 8 1
 9 10 1
 9 11 1
 9 12 1
 9 13 1
 9 14 1
 9 16 1
 9 20 1
 9 22 1
 9 23 1
 9 24 1
 9 25 1
 9 27 1
 9 28 1
 9 29 1
 9 30 1
 9 32 1
 9 33 1
 9 34 1
 9 35 1
 9 36 1
 9 37 1
 9 38 1
 9 40 1
 9 41 1
 9 43 1
 9 47 1
 9 48 1
 9 49 1
 10 2 1
 10 3 1
 10 6 1
 10 7 1
 10 9 1
 10 11 1
 10 12 1
 10 13 1
 10 14 1
 10 15 1
 10 19 1
 10 20 1
 10 21 1
 10 24 1
 10 25 1
 10 26 1
 10 27 1
 10 28 1
 10 29 1
 10 30 1
 10 31 1
 10 32 1
 10 33 1
 10 34 1
 10 35 1
 10 36 1
 10 37 1
 10 38 1
 10 39 1
 10 41 1
 10 42 1
 10 45 1
 10 48 1
 10 49 1
 10 50 1
 11 1 1
 11 2 1
 11 3 1
 11 4 1
 11 6 1
 11 7 1
 11 8 1
 11 10 1
 11 12 1
 11 13 1
 11 15 1
 11 16 1
 11 19 1
 11 20 1
 11 23 1
 11 25 1
 11 26 1
 11 31 1
 11 32 1
 11 33 1
 11 34 1
 11 37 1
 11 38 1
 11 39 1
 11 40 1
 11 42 1
 11 43 1
 11 44 1
 11 46 1
 11 48 1
 11 49 1
 11 50 1
 12 2 1
 12 4 1
 12 6 1
 12 7 1
 12 14 1
 12 15 1
 12 16 1
 12 26 1
 12 27 1
 12 29 1
 12 30 1
 12 31 1
 12 32 1
 12 33 1
 12 36 1
 12 37 1
 12 38 1
 12 42 1
 12 43 1
 12 44 1
 12 45 1
 12 46 1
 12 48 1
 12 49 1
 12 50 1
 13 3 1
 13 5 1
 13 6 1
 13 10 1
 13 11 1
 13 16 1
 13 17 1
 13 20 1
 13 21 1
 13 22 1
 13 23 1
 13 24 1
 13 25 1
 13 29 1
 13 31 1
 13 32 1
 13 35 1
 13 36 1
 13 39 1
 13 40 1
 13 42 1
 13 44 1
 13 45 1
 13 47 1
 13 49 1
 13 50 1
 14 1 1
 14 4 1
 14 5 1
 14 6 1
 14 8 1
 14 9 1
 14 12 1
 14 13 1
 14 15 1
 14 17 1
 14 19 1
 14 20 1
 14 21 1
 14 23 1
 14 24 1
 14 26 1
 14 27 1
 14 28 1
 14 29 1
 14 30 1
 14 32 1
 14 34 1
 14 35 1
 14 38 1
 14 39 1
 14 40 1
 14 42 1
 14 43 1
 14 46 1
 14 47 1
 14 48 1
 14 49 1
 15 2 1
 15 3 1
 15 4 1
 15 5 1
 15 7 1
 15 9 1
 15 10 1
 15 11 1
 15 13 1
 15 14 1
 15 16 1
 15 17 1
 15 18 1
 15 19 1
 15 20 1
 15 21 1
 15 22 1
 15 25 1
 15 26 1
 15 28 1
 15 29 1
 15 31 1
 15 34 1
 15 35 1
 15 38 1
 15 39 1
 15 40 1
 15 42 1
 15 43 1
 15 45 1
 15 46 1
 15 47 1
 15 48 1
 15 49 1
 15 50 1
 16 1 1
 16 2 1
 16 3 1
 16 4 1
 16 5 1
 16 7 1
 16 8 1
 16 9 1
 16 11 1
 16 12 1
 16 15 1
 16 17 1
 16 18 1
 16 21 1
 16 22 1
 16 24 1
 16 25 1
 16 26 1
 16 27 1
 16 29 1
 16 30 1
 16 31 1
 16 32 1
 16 34 1
 16 35 1
 16 36 1
 16 37 1
 16 38 1
 16 40 1
 16 42 1
 16 43 1
 16 44 1
 16 45 1
 16 46 1
 16 50 1
 17 1 1
 17 4 1
 17 5 1
 17 8 1
 17 10 1
 17 11 1
 17 14 1
 17 19 1
 17 20 1
 17 21 1
 17 24 1
 17 27 1
 17 31 1
 17 32 1
 17 34 1
 17 36 1
 17 38 1
 17 39 1
 17 41 1
 17 42 1
 17 43 1
 17 45 1
 17 46 1
 17 47 1
 17 49 1
 17 50 1
 18 2 1
 18 4 1
 18 5 1
 18 8 1
 18 9 1
 18 10 1
 18 11 1
 18 12 1
 18 15 1
 18 19 1
 18 21 1
 18 22 1
 18 23 1
 18 24 1
 18 25 1
 18 27 1
 18 29 1
 18 30 1
 18 32 1
 18 33 1
 18 35 1
 18 36 1
 18 37 1
 18 38 1
 18 39 1
 18 41 1
 18 43 1
 18 44 1
 18 47 1
 18 48 1
 18 49 1
 18 50 1
 19 1 1
 19 2 1
 19 3 1
 19 4 1
 19 5 1
 19 6 1
 19 7 1
 19 10 1
 19 11 1
 19 13 1
 19 14 1
 19 16 1
 19 17 1
 19 18 1
 19 20 1
 19 21 1
 19 22 1
 19 24 1
 19 25 1
 19 26 1
 19 28 1
 19 30 1
 19 34 1
 19 35 1
 19 37 1
 19 38 1
 19 39 1
 19 40 1
 19 41 1
 19 43 1
 19 44 1
 19 45 1
 19 46 1
 19 47 1
 19 50 1
 20 1 1
 20 2 1
 20 3 1
 20 4 1
 20 5 1
 20 7 1
 20 8 1
 20 9 1
 20 12 1
 20 13 1
 20 14 1
 20 15 1
 20 16 1
 20 17 1
 20 18 1
 20 19 1
 20 23 1
 20 26 1
 20 27 1
 20 28 1
 20 33 1
 20 34 1
 20 37 1
 20 38 1
 20 43 1
 20 46 1
 20 49 1
 21 4 1
 21 6 1
 21 7 1
 21 8 1
 21 9 1
 21 12 1
 21 14 1
 21 15 1
 21 16 1
 21 18 1
 21 19 1
 21 20 1
 21 23 1
 21 27 1
 21 28 1
 21 29 1
 21 31 1
 21 32 1
 21 34 1
 21 36 1
 21 37 1
 21 40 1
 21 41 1
 21 42 1
 21 43 1
 21 44 1
 21 45 1
 21 46 1
 21 48 1
 22 1 1
 22 2 1
 22 4 1
 22 5 1
 22 6 1
 22 7 1
 22 8 1
 22 9 1
 22 11 1
 22 14 1
 22 15 1
 22 16 1
 22 17 1
 22 18 1
 22 19 1
 22 23 1
 22 24 1
 22 28 1
 22 29 1
 22 30 1
 22 31 1
 22 32 1
 22 34 1
 22 35 1
 22 36 1
 22 37 1
 22 38 1
 22 39 1
 22 40 1
 22 41 1
 22 42 1
 22 43 1
 22 45 1
 22 46 1
 22 47 1
 22 48 1
 23 1 1
 23 2 1
 23 3 1
 23 4 1
 23 7 1
 23 10 1
 23 12 1
 23 13 1
 23 14 1
 23 15 1
 23 16 1
 23 17 1
 23 20 1
 23 24 1
 23 25 1
 23 26 1
 23 27 1
 23 28 1
 23 29 1
 23 30 1
 23 31 1
 23 32 1
 23 35 1
 23 36 1
 23 37 1
 23 38 1
 23 41 1
 23 42 1
 23 45 1
 23 46 1
 23 49 1
 23 50 1
 24 1 1
 24 2 1
 24 4 1
 24 6 1
 24 7 1
 24 8 1
 24 9 1
 24 10 1
 24 14 1
 24 15 1
 24 16 1
 24 18 1
 24 19 1
 24 20 1
 24 22 1
 24 23 1
 24 26 1
 24 27 1
 24 28 1
 24 29 1
 24 30 1
 24 31 1
 24 32 1
 24 34 1
 24 35 1
 24 36 1
 24 38 1
 24 39 1
 24 40 1
 24 41 1
 24 43 1
 24 44 1
 24 45 1
 24 46 1
 24 47 1
 24 50 1
 25 1 1
 25 2 1
 25 4 1
 25 5 1
 25 7 1
 25 8 1
 25 10 1
 25 11 1
 25 12 1
 25 13 1
 25 16 1
 25 18 1
 25 19 1
 25 21 1
 25 22 1
 25 24 1
 25 26 1
 25 29 1
 25 30 1
 25 32 1
 25 33 1
 25 34 1
 25 35 1
 25 36 1
 25 37 1
 25 39 1
 25 40 1
 25 41 1
 25 42 1
 25 43 1
 25 47 1
 25 50 1
 26 1 1
 26 2 1
 26 3 1
 26 4 1
 26 7 1
 26 8 1
 26 10 1
 26 11 1
 26 13 1
 26 14 1
 26 15 1
 26 16 1
 26 17 1
 26 18 1
 26 20 1
 26 22 1
 26 23 1
 26 24 1
 26 25 1
 26 27 1
 26 28 1
 26 29 1
 26 30 1
 26 31 1
 26 32 1
 26 33 1
 26 34 1
 26 35 1
 26 36 1
 26 39 1
 26 41 1
 26 42 1
 26 43 1
 26 44 1
 26 45 1
 26 48 1
 27 1 1
 27 3 1
 27 4 1
 27 5 1
 27 6 1
 27 7 1
 27 8 1
 27 9 1
 27 10 1
 27 12 1
 27 13 1
 27 14 1
 27 15 1
 27 16 1
 27 18 1
 27 19 1
 27 21 1
 27 24 1
 27 25 1
 27 28 1
 27 30 1
 27 31 1
 27 32 1
 27 35 1
 27 36 1
 27 37 1
 27 38 1
 27 40 1
 27 42 1
 27 43 1
 27 45 1
 27 46 1
 27 49 1
 27 50 1
 28 1 1
 28 2 1
 28 3 1
 28 4 1
 28 5 1
 28 8 1
 28 10 1
 28 12 1
 28 13 1
 28 15 1
 28 17 1
 28 18 1
 28 20 1
 28 24 1
 28 25 1
 28 26 1
 28 29 1
 28 33 1
 28 34 1
 28 35 1
 28 37 1
 28 40 1
 28 41 1
 28 44 1
 28 45 1
 28 46 1
 28 50 1
 29 1 1
 29 2 1
 29 3 1
 29 4 1
 29 5 1
 29 6 1
 29 7 1
 29 10 1
 29 14 1
 29 16 1
 29 18 1
 29 19 1
 29 20 1
 29 21 1
 29 24 1
 29 25 1
 29 28 1
 29 31 1
 29 33 1
 29 37 1
 29 39 1
 29 40 1
 29 42 1
 29 44 1
 29 45 1
 29 46 1
 29 47 1
 29 49 1
 30 2 1
 30 3 1
 30 4 1
 30 5 1
 30 7 1
 30 10 1
 30 11 1
 30 12 1
 30 13 1
 30 14 1
 30 15 1
 30 16 1
 30 17 1
 30 18 1
 30 19 1
 30 20 1
 30 21 1
 30 23 1
 30 24 1
 30 25 1
 30 27 1
 30 28 1
 30 29 1
 30 33 1
 30 34 1
 30 36 1
 30 37 1
 30 38 1
 30 39 1
 30 40 1
 30 41 1
