# Created by Octave 4.2.2, Mon Dec 13 20:30:23 2021 CST <lqg@qiguanglin-LC1>
# name: Map
# type: matrix
# rows: 47
# columns: 3
 1 5 1
 1 6 1
 1 8 1
 1 9 1
 1 10 1
 2 1 1
 2 6 1
 2 8 1
 2 9 1
 3 1 1
 3 2 1
 3 8 1
 4 7 1
 4 8 1
 4 9 1
 5 1 1
 5 2 1
 5 4 1
 5 6 1
 5 8 1
 5 10 1
 6 1 1
 6 4 1
 6 7 1
 6 9 1
 7 4 1
 7 6 1
 7 9 1
 7 10 1
 8 2 1
 8 3 1
 8 6 1
 8 7 1
 9 1 1
 9 3 1
 9 4 1
 9 5 1
 9 6 1
 9 7 1
 10 1 1
 10 2 1
 10 3 1
 10 4 1
 10 5 1
 10 6 1
 10 7 1
 10 9 1


