# Created by Octave 4.2.2, Mon Dec 13 20:30:25 2021 CST <lqg@qiguanglin-LC1>
# name: Map
# type: matrix
# rows: 227
# columns: 3
 1 3 1
 1 5 1
 1 6 1
 1 8 1
 1 9 1
 1 10 1
 1 11 1
 1 12 1
 1 14 1
 1 16 1
 1 17 1
 1 18 1
 1 19 1
 1 20 1
 2 1 1
 2 3 1
 2 6 1
 2 7 1
 2 8 1
 2 9 1
 2 12 1
 2 13 1
 2 14 1
 2 15 1
 2 19 1
 3 1 1
 3 2 1
 3 5 1
 3 6 1
 3 8 1
 3 11 1
 3 13 1
 3 14 1
 3 16 1
 3 20 1
 4 1 1
 4 2 1
 4 7 1
 4 8 1
 4 11 1
 4 13 1
 4 15 1
 4 16 1
 4 17 1
 4 18 1
 4 19 1
 5 1 1
 5 4 1
 5 6 1
 5 8 1
 5 9 1
 5 11 1
 5 15 1
 5 17 1
 5 18 1
 5 20 1
 6 2 1
 6 3 1
 6 4 1
 6 5 1
 6 7 1
 6 9 1
 6 12 1
 6 15 1
 6 18 1
 6 19 1
 7 2 1
 7 3 1
 7 8 1
 7 11 1
 7 14 1
 7 15 1
 7 16 1
 7 17 1
 7 19 1
 7 20 1
 8 2 1
 8 4 1
 8 10 1
 8 11 1
 8 12 1
 8 13 1
 8 14 1
 8 15 1
 8 16 1
 8 17 1
 8 18 1
 8 19 1
 9 4 1
 9 5 1
 9 6 1
 9 11 1
 9 12 1
 9 13 1
 9 14 1
 9 16 1
 9 18 1
 9 20 1
 10 2 1
 10 3 1
 10 6 1
 10 7 1
 10 11 1
 10 12 1
 10 15 1
 10 16 1
 10 17 1
 10 18 1
 10 19 1
 10 20 1
 11 2 1
 11 4 1
 11 5 1
 11 6 1
 11 8 1
 11 10 1
 11 13 1
 11 14 1
 11 15 1
 11 16 1
 11 18 1
 11 20 1
 12 1 1
 12 2 1
 12 3 1
 12 4 1
 12 6 1
 12 7 1
 12 9 1
 12 10 1
 12 11 1
 12 14 1
 12 18 1
 12 19 1
 13 1 1
 13 4 1
 13 5 1
 13 6 1
 13 7 1
 13 8 1
 13 9 1
 13 11 1
 13 14 1
 13 15 1
 13 16 1
 13 19 1
 13 20 1
 14 1 1
 14 2 1
 14 4 1
 14 5 1
 14 9 1
 14 10 1
 14 11 1
 14 16 1
 14 17 1
 14 20 1
 15 4 1
 15 5 1
 15 6 1
 15 7 1
 15 8 1
 15 9 1
 15 11 1
 15 12 1
 15 13 1
 15 14 1
 15 16 1
 15 17 1
 15 18 1
 15 19 1
 16 1 1
 16 2 1
 16 4 1
 16 5 1
 16 7 1
 16 8 1
 16 10 1
 16 11 1
 16 13 1
 16 17 1
 17 3 1
 17 4 1
 17 5 1
 17 6 1
 17 7 1
 17 8 1
 17 9 1
 17 12 1
 17 13 1
 17 16 1
 17 19 1
 18 1 1
 18 6 1
 18 9 1
 18 10 1
 18 11 1
 18 13 1
 18 16 1
 18 17 1
 18 19 1
 18 20 1
 19 1 1
 19 2 1
 19 4 1
 19 6 1
 19 7 1
 19 8 1
 19 9 1
 19 10 1
 19 11 1
 19 14 1
 19 15 1
 19 17 1
 19 18 1
 19 20 1
 20 4 1
 20 5 1
 20 7 1
 20 8 1
 20 9 1
 20 10 1
 20 11 1
 20 12 1
 20 13 1
 20 15 1
 20 19 1


