# Created by Octave 4.2.2, Mon Dec 13 20:30:37 2021 CST <lqg@qiguanglin-LC1>
# name: Map
# type: matrix
# rows: 916
# columns: 3
 1 5 1
 1 6 1
 1 10 1
 1 11 1
 1 12 1
 1 14 1
 1 15 1
 1 16 1
 1 17 1
 1 18 1
 1 19 1
 1 24 1
 1 25 1
 1 26 1
 1 27 1
 1 29 1
 1 30 1
 1 31 1
 1 32 1
 1 33 1
 1 34 1
 1 35 1
 1 38 1
 2 1 1
 2 7 1
 2 8 1
 2 9 1
 2 11 1
 2 12 1
 2 14 1
 2 16 1
 2 19 1
 2 21 1
 2 22 1
 2 23 1
 2 24 1
 2 25 1
 2 27 1
 2 29 1
 2 30 1
 2 31 1
 2 32 1
 2 35 1
 2 36 1
 2 39 1
 3 1 1
 3 4 1
 3 10 1
 3 11 1
 3 13 1
 3 15 1
 3 16 1
 3 17 1
 3 18 1
 3 21 1
 3 22 1
 3 23 1
 3 24 1
 3 25 1
 3 26 1
 3 28 1
 3 31 1
 3 33 1
 3 34 1
 3 35 1
 3 40 1
 4 3 1
 4 5 1
 4 9 1
 4 10 1
 4 12 1
 4 14 1
 4 15 1
 4 17 1
 4 18 1
 4 19 1
 4 20 1
 4 22 1
 4 23 1
 4 24 1
 4 25 1
 4 26 1
 4 27 1
 4 28 1
 4 29 1
 4 31 1
 4 33 1
 4 34 1
 4 35 1
 4 36 1
 4 39 1
 4 40 1
 5 1 1
 5 7 1
 5 8 1
 5 11 1
 5 13 1
 5 14 1
 5 15 1
 5 16 1
 5 17 1
 5 19 1
 5 20 1
 5 21 1
 5 27 1
 5 28 1
 5 29 1
 5 30 1
 5 31 1
 5 32 1
 5 33 1
 5 34 1
 5 35 1
 5 36 1
 6 1 1
 6 4 1
 6 5 1
 6 7 1
 6 8 1
 6 9 1
 6 11 1
 6 12 1
 6 13 1
 6 15 1
 6 17 1
 6 18 1
 6 19 1
 6 22 1
 6 24 1
 6 26 1
 6 28 1
 6 30 1
 6 31 1
 6 33 1
 6 35 1
 6 37 1
 6 38 1
 7 1 1
 7 6 1
 7 8 1
 7 9 1
 7 10 1
 7 11 1
 7 12 1
 7 13 1
 7 14 1
 7 15 1
 7 16 1
 7 17 1
 7 19 1
 7 20 1
 7 21 1
 7 22 1
 7 26 1
 7 28 1
 7 29 1
 7 31 1
 7 34 1
 7 35 1
 7 36 1
 8 1 1
 8 3 1
 8 5 1
 8 6 1
 8 7 1
 8 9 1
 8 11 1
 8 12 1
 8 18 1
 8 19 1
 8 21 1
 8 22 1
 8 23 1
 8 25 1
 8 26 1
 8 27 1
 8 28 1
 8 30 1
 8 31 1
 8 33 1
 8 34 1
 8 35 1
 8 36 1
 8 38 1
 9 1 1
 9 3 1
 9 4 1
 9 5 1
 9 6 1
 9 7 1
 9 8 1
 9 10 1
 9 11 1
 9 16 1
 9 17 1
 9 22 1
 9 23 1
 9 26 1
 9 27 1
 9 28 1
 9 37 1
 9 39 1
 9 40 1
 10 1 1
 10 11 1
 10 13 1
 10 16 1
 10 17 1
 10 18 1
 10 19 1
 10 21 1
 10 22 1
 10 23 1
 10 25 1
 10 26 1
 10 28 1
 10 29 1
 10 30 1
 10 32 1
 10 33 1
 10 34 1
 10 36 1
 10 37 1
 10 38 1
 10 39 1
 11 2 1
 11 3 1
 11 5 1
 11 10 1
 11 12 1
 11 15 1
 11 16 1
 11 17 1
 11 20 1
 11 21 1
 11 22 1
 11 23 1
 11 24 1
 11 25 1
 11 26 1
 11 27 1
 11 28 1
 11 29 1
 11 31 1
 11 32 1
 11 34 1
 11 35 1
 11 36 1
 11 38 1
 11 40 1
 12 1 1
 12 2 1
 12 3 1
 12 4 1
 12 5 1
 12 8 1
 12 10 1
 12 11 1
 12 14 1
 12 15 1
 12 16 1
 12 17 1
 12 18 1
 12 20 1
 12 21 1
 12 22 1
 12 23 1
 12 25 1
 12 28 1
 12 29 1
 12 30 1
 12 32 1
 12 35 1
 12 36 1
 12 37 1
 12 39 1
 13 2 1
 13 4 1
 13 5 1
 13 7 1
 13 8 1
 13 9 1
 13 12 1
 13 14 1
 13 15 1
 13 19 1
 13 21 1
 13 23 1
 13 24 1
 13 25 1
 13 26 1
 13 28 1
 13 30 1
 13 31 1
 13 33 1
 13 35 1
 13 36 1
 13 37 1
 13 38 1
 13 39 1
 13 40 1
 14 1 1
 14 6 1
 14 7 1
 14 11 1
 14 13 1
 14 17 1
 14 19 1
 14 20 1
 14 21 1
 14 22 1
 14 23 1
 14 26 1
 14 27 1
 14 28 1
 14 29 1
 14 31 1
 14 33 1
 14 34 1
 14 36 1
 14 37 1
 14 39 1
 15 2 1
 15 3 1
 15 6 1
 15 11 1
 15 14 1
 15 16 1
 15 18 1
 15 19 1
 15 20 1
 15 22 1
 15 23 1
 15 24 1
 15 25 1
 15 26 1
 15 27 1
 15 29 1
 15 31 1
 15 33 1
 15 35 1
 15 36 1
 15 37 1
 15 38 1
 15 40 1
 16 1 1
 16 3 1
 16 6 1
 16 9 1
 16 11 1
 16 12 1
 16 13 1
 16 14 1
 16 15 1
 16 17 1
 16 18 1
 16 19 1
 16 21 1
 16 23 1
 16 26 1
 16 27 1
 16 29 1
 16 35 1
 16 36 1
 16 37 1
 16 40 1
 17 1 1
 17 3 1
 17 4 1
 17 9 1
 17 10 1
 17 11 1
 17 13 1
 17 14 1
 17 15 1
 17 18 1
 17 19 1
 17 22 1
 17 23 1
 17 24 1
 17 26 1
 17 27 1
 17 29 1
 17 30 1
 17 31 1
 17 33 1
 17 34 1
 17 37 1
 17 38 1
 17 39 1
 18 1 1
 18 3 1
 18 5 1
 18 7 1
 18 8 1
 18 9 1
 18 11 1
 18 12 1
 18 15 1
 18 16 1
 18 19 1
 18 20 1
 18 22 1
 18 23 1
 18 25 1
 18 26 1
 18 27 1
 18 28 1
 18 30 1
 18 31 1
 18 32 1
 18 34 1
 18 36 1
 18 38 1
 18 39 1
 18 40 1
 19 3 1
 19 6 1
 19 7 1
 19 9 1
 19 10 1
 19 11 1
 19 12 1
 19 16 1
 19 17 1
 19 20 1
 19 22 1
 19 23 1
 19 24 1
 19 26 1
 19 28 1
 19 29 1
 19 33 1
 19 34 1
 19 35 1
 19 36 1
 19 37 1
 19 38 1
 19 39 1
 19 40 1
 20 2 1
 20 3 1
 20 6 1
 20 7 1
 20 8 1
 20 10 1
 20 11 1
 20 12 1
 20 15 1
 20 18 1
 20 23 1
 20 25 1
 20 26 1
 20 29 1
 20 33 1
 20 37 1
 20 38 1
 20 39 1
 20 40 1
 21 1 1
 21 2 1
 21 3 1
 21 5 1
 21 6 1
 21 9 1
 21 12 1
 21 13 1
 21 14 1
 21 15 1
 21 16 1
 21 17 1
 21 19 1
 21 20 1
 21 22 1
 21 23 1
 21 24 1
 21 25 1
 21 28 1
 21 29 1
 21 30 1
 21 31 1
 21 32 1
 21 33 1
 21 36 1
 21 37 1
 21 40 1
 22 1 1
 22 9 1
 22 11 1
 22 12 1
 22 13 1
 22 14 1
 22 15 1
 22 16 1
 22 17 1
 22 19 1
 22 21 1
 22 23 1
 22 26 1
 22 29 1
 22 30 1
 22 33 1
 22 34 1
 22 35 1
 22 37 1
 22 38 1
 23 1 1
 23 2 1
 23 3 1
 23 4 1
 23 6 1
 23 7 1
 23 11 1
 23 12 1
 23 16 1
 23 18 1
 23 20 1
 23 22 1
 23 24 1
 23 26 1
 23 30 1
 23 31 1
 23 32 1
 23 35 1
 23 36 1
 23 37 1
 23 38 1
 24 2 1
 24 3 1
 24 4 1
 24 7 1
 24 8 1
 24 10 1
 24 11 1
 24 12 1
 24 13 1
 24 14 1
 24 15 1
 24 16 1
 24 17 1
 24 19 1
 24 21 1
 24 27 1
 24 29 1
 24 30 1
 24 32 1
 24 34 1
 24 35 1
 24 37 1
 24 40 1
 25 1 1
 25 2 1
 25 3 1
 25 4 1
 25 5 1
 25 7 1
 25 8 1
 25 11 1
 25 14 1
 25 16 1
 25 18 1
 25 19 1
 25 26 1
 25 28 1
 25 29 1
 25 31 1
 25 32 1
 25 33 1
 25 35 1
 25 36 1
 25 40 1
 26 1 1
 26 4 1
 26 5 1
 26 7 1
 26 8 1
 26 10 1
 26 12 1
 26 13 1
 26 15 1
 26 16 1
 26 17 1
 26 19 1
 26 20 1
 26 21 1
 26 22 1
 26 24 1
 26 27 1
 26 30 1
 26 31 1
 26 33 1
 26 34 1
 26 37 1
 26 40 1
 27 1 1
 27 3 1
 27 4 1
 27 5 1
 27 6 1
 27 7 1
 27 8 1
 27 11 1
 27 15 1
 27 17 1
 27 20 1
 27 24 1
 27 25 1
 27 28 1
 27 29 1
 27 30 1
 27 31 1
 27 32 1
 27 35 1
 27 39 1
 27 40 1
 28 3 1
 28 8 1
 28 9 1
 28 12 1
 28 13 1
 28 14 1
 28 15 1
 28 17 1
 28 18 1
 28 19 1
 28 22 1
 28 23 1
 28 24 1
 28 25 1
 28 26 1
 28 27 1
 28 33 1
 28 35 1
 28 36 1
 28 37 1
 28 38 1
 28 39 1
 29 2 1
 29 3 1
 29 4 1
 29 5 1
 29 6 1
 29 8 1
 29 9 1
 29 10 1
 29 11 1
 29 12 1
 29 13 1
 29 14 1
 29 15 1
 29 19 1
 29 21 1
 29 22 1
 29 24 1
 29 25 1
 29 26 1
 29 30 1
 29 31 1
 29 32 1
 29 34 1
 29 35 1
 29 36 1
 29 39 1
 29 40 1
 30 3 1
 30 4 1
 30 5 1
 30 6 1
 30 8 1
 30 9 1
 30 10 1
 30 13 1
 30 16 1
 30 18 1
 30 20 1
 30 21 1
 30 22 1
 30 23 1
 30 25 1
 30 29 1
 30 33 1
 30 35 1
 30 37 1
 30 39 1
 30 40 1
 31 1 1
 31 2 1
 31 3 1
 31 5 1
 31 7 1
 31 8 1
 31 11 1
 31 12 1
 31 14 1
 31 18 1
 31 20 1
 31 21 1
 31 23 1
 31 25 1
 31 26 1
 31 27 1
 31 29 1
 31 36 1
 31 37 1
 31 38 1
 32 1 1
 32 2 1
 32 3 1
 32 4 1
 32 5 1
 32 7 1
 32 8 1
 32 9 1
 32 10 1
 32 11 1
 32 12 1
 32 14 1
 32 15 1
 32 16 1
 32 17 1
 32 18 1
 32 20 1
 32 22 1
 32 23 1
 32 24 1
 32 26 1
 32 27 1
 32 28 1
 32 30 1
 32 31 1
 32 33 1
 32 35 1
 32 36 1
 32 38 1
 32 39 1
 33 1 1
 33 2 1
 33 5 1
 33 6 1
 33 7 1
 33 9 1
 33 13 1
 33 14 1
 33 15 1
 33 16 1
 33 19 1
 33 20 1
 33 22 1
 33 24 1
 33 27 1
 33 28 1
 33 29 1
 33 30 1
 33 35 1
 33 36 1
 33 37 1
 33 38 1
 33 39 1
 34 1 1
 34 2 1
 34 6 1
 34 9 1
 34 10 1
 34 11 1
 34 12 1
 34 13 1
 34 16 1
 34 17 1
 34 18 1
 34 19 1
 34 27 1
 34 29 1
 34 33 1
 34 35 1
 34 36 1
 34 37 1
 34 39 1
 34 40 1
 35 1 1
 35 2 1
 35 3 1
 35 4 1
 35 5 1
 35 6 1
 35 10 1
 35 11 1
 35 12 1
 35 13 1
 35 14 1
 35 16 1
 35 17 1
 35 23 1
 35 25 1
 35 28 1
 35 29 1
 35 33 1
 35 34 1
 35 36 1
 35 37 1
 35 40 1
 36 1 1
 36 3 1
 36 4 1
 36 5 1
 36 6 1
 36 8 1
 36 9 1
 36 10 1
 36 11 1
 36 12 1
 36 14 1
 36 15 1
 36 16 1
 36 17 1
 36 20 1
 36 21 1
 36 23 1
 36 24 1
 36 25 1
 36 26 1
 36 27 1
 36 28 1
 36 29 1
 36 30 1
 36 31 1
 36 34 1
 36 35 1
 36 40 1
 37 3 1
 37 5 1
 37 6 1
 37 8 1
 37 10 1
 37 11 1
 37 13 1
 37 14 1
 37 15 1
 37 17 1
 37 19 1
 37 20 1
 37 24 1
 37 27 1
 37 29 1
 37 32 1
 37 33 1
 37 40 1
 38 1 1
 38 6 1
 38 9 1
 38 10 1
 38 14 1
 38 15 1
 38 17 1
 38 20 1
 38 21 1
 38 22 1
 38 24 1
 38 26 1
 38 28 1
 38 32 1
 38 34 1
 38 36 1
 39 1 1
 39 3 1
 39 4 1
 39 5 1
 39 6 1
 39 8 1
 39 9 1
 39 10 1
 39 11 1
 39 12 1
 39 13 1
 39 14 1
 39 16 1
 39 18 1
 39 19 1
 39 20 1
 39 21 1
 39 22 1
 39 23 1
 39 25 1
 39 26 1
 39 27 1
 39 28 1
 39 30 1
 39 31 1
 39 32 1
 39 34 1
 39 35 1
 39 38 1
 39 40 1
 40 1 1
 40 3 1
 40 4 1
 40 8 1
 40 9 1
 40 10 1
 40 11 1
 40 14 1
 40 18 1
 40 19 1
 40 20 1
 40 21 1
 40 22 1
 40 23 1
 40 24 1
 40 25 1
 40 26 1
 40 27 1
 40 29 1
 40 30 1
 40 35 1
 40 36 1
 40 37 1
 40 39 1


