# Created by Octave 4.2.2, Mon Dec 13 20:30:26 2021 CST <lqg@qiguanglin-LC1>
# name: Map
# type: matrix
# rows: 528
# columns: 3
 1 2 1
 1 4 1
 1 5 1
 1 6 1
 1 7 1
 1 9 1
 1 10 1
 1 11 1
 1 12 1
 1 13 1
 1 14 1
 1 15 1
 1 16 1
 1 18 1
 1 20 1
 1 21 1
 1 22 1
 1 23 1
 1 25 1
 1 27 1
 1 28 1
 1 30 1
 2 4 1
 2 6 1
 2 7 1
 2 8 1
 2 9 1
 2 10 1
 2 11 1
 2 12 1
 2 13 1
 2 14 1
 2 16 1
 2 18 1
 2 19 1
 2 20 1
 2 23 1
 2 24 1
 2 26 1
 2 28 1
 2 29 1
 2 30 1
 3 2 1
 3 4 1
 3 5 1
 3 8 1
 3 9 1
 3 10 1
 3 11 1
 3 12 1
 3 14 1
 3 16 1
 3 17 1
 3 18 1
 3 19 1
 3 22 1
 3 23 1
 3 25 1
 3 26 1
 3 27 1
 3 29 1
 4 1 1
 4 2 1
 4 3 1
 4 5 1
 4 7 1
 4 9 1
 4 11 1
 4 12 1
 4 14 1
 4 15 1
 4 17 1
 4 18 1
 4 21 1
 4 22 1
 4 23 1
 4 25 1
 4 28 1
 5 2 1
 5 4 1
 5 7 1
 5 9 1
 5 10 1
 5 14 1
 5 16 1
 5 17 1
 5 18 1
 5 21 1
 5 22 1
 5 25 1
 5 26 1
 5 28 1
 5 29 1
 5 30 1
 6 3 1
 6 4 1
 6 5 1
 6 7 1
 6 10 1
 6 11 1
 6 12 1
 6 14 1
 6 16 1
 6 17 1
 6 21 1
 6 22 1
 6 24 1
 6 26 1
 6 28 1
 6 29 1
 7 1 1
 7 2 1
 7 3 1
 7 4 1
 7 5 1
 7 6 1
 7 10 1
 7 14 1
 7 16 1
 7 17 1
 7 18 1
 7 20 1
 7 21 1
 7 22 1
 7 23 1
 7 24 1
 7 25 1
 7 26 1
 7 27 1
 7 28 1
 8 3 1
 8 4 1
 8 5 1
 8 6 1
 8 7 1
 8 10 1
 8 11 1
 8 12 1
 8 16 1
 8 17 1
 8 25 1
 8 26 1
 8 29 1
 8 30 1
 9 3 1
 9 4 1
 9 5 1
 9 6 1
 9 8 1
 9 10 1
 9 13 1
 9 14 1
 9 17 1
 9 19 1
 9 20 1
 9 21 1
 9 23 1
 9 24 1
 9 26 1
 9 27 1
 9 29 1
 10 1 1
 10 2 1
 10 4 1
 10 6 1
 10 7 1
 10 12 1
 10 13 1
 10 14 1
 10 15 1
 10 22 1
 10 24 1
 10 26 1
 10 27 1
 10 28 1
 10 30 1
 11 1 1
 11 3 1
 11 5 1
 11 6 1
 11 9 1
 11 14 1
 11 16 1
 11 17 1
 11 18 1
 11 20 1
 11 22 1
 11 24 1
 11 25 1
 11 28 1
 11 29 1
 12 4 1
 12 5 1
 12 6 1
 12 7 1
 12 8 1
 12 9 1
 12 14 1
 12 15 1
 12 16 1
 12 17 1
 12 20 1
 12 21 1
 12 24 1
 12 25 1
 12 26 1
 12 28 1
 13 1 1
 13 7 1
 13 8 1
 13 10 1
 13 11 1
 13 12 1
 13 16 1
 13 18 1
 13 19 1
 13 20 1
 13 21 1
 13 24 1
 13 25 1
 13 26 1
 13 30 1
 14 1 1
 14 2 1
 14 3 1
 14 4 1
 14 5 1
 14 7 1
 14 8 1
 14 9 1
 14 10 1
 14 11 1
 14 12 1
 14 13 1
 14 16 1
 14 18 1
 14 21 1
 14 22 1
 14 24 1
 14 25 1
 14 28 1
 14 29 1
 15 2 1
 15 3 1
 15 4 1
 15 5 1
 15 7 1
 15 8 1
 15 9 1
 15 13 1
 15 14 1
 15 17 1
 15 18 1
 15 19 1
 15 21 1
 15 23 1
 15 25 1
 15 28 1
 15 29 1
 15 30 1
 16 1 1
 16 3 1
 16 4 1
 16 5 1
 16 6 1
 16 7 1
 16 9 1
 16 10 1
 16 13 1
 16 14 1
 16 18 1
 16 19 1
 16 20 1
 16 21 1
 16 22 1
 16 23 1
 16 24 1
 16 26 1
 16 28 1
 16 30 1
 17 3 1
 17 4 1
 17 6 1
 17 7 1
 17 9 1
 17 10 1
 17 11 1
 17 12 1
 17 13 1
 17 14 1
 17 16 1
 17 18 1
 17 19 1
 17 24 1
 17 25 1
 17 26 1
 17 28 1
 17 29 1
 17 30 1
 18 2 1
 18 3 1
 18 4 1
 18 5 1
 18 6 1
 18 7 1
 18 8 1
 18 9 1
 18 10 1
 18 11 1
 18 14 1
 18 15 1
 18 16 1
 18 19 1
 18 22 1
 18 23 1
 18 24 1
 18 30 1
 19 1 1
 19 2 1
 19 3 1
 19 9 1
 19 11 1
 19 12 1
 19 13 1
 19 14 1
 19 15 1
 19 16 1
 19 17 1
 19 18 1
 19 20 1
 19 21 1
 19 23 1
 19 24 1
 19 25 1
 19 26 1
 19 27 1
 19 29 1
 19 30 1
 20 4 1
 20 5 1
 20 6 1
 20 7 1
 20 8 1
 20 9 1
 20 11 1
 20 12 1
 20 14 1
 20 15 1
 20 16 1
 20 17 1
 20 19 1
 20 22 1
 20 23 1
 20 25 1
 20 26 1
 20 27 1
 20 28 1
 20 29 1
 20 30 1
 21 2 1
 21 4 1
 21 5 1
 21 6 1
 21 8 1
 21 9 1
 21 10 1
 21 12 1
 21 14 1
 21 15 1
 21 18 1
 21 20 1
 21 23 1
 21 25 1
 21 26 1
 21 27 1
 21 29 1
 22 1 1
 22 2 1
 22 6 1
 22 8 1
 22 12 1
 22 13 1
 22 14 1
 22 15 1
 22 17 1
 22 18 1
 22 23 1
 22 24 1
 22 27 1
 22 29 1
 23 1 1
 23 2 1
 23 6 1
 23 8 1
 23 11 1
 23 12 1
 23 13 1
 23 16 1
 23 19 1
 23 21 1
 23 22 1
 23 24 1
 23 25 1
 23 26 1
 23 27 1
 24 1 1
 24 3 1
 24 4 1
 24 6 1
 24 9 1
 24 10 1
 24 11 1
 24 14 1
 24 16 1
 24 17 1
 24 18 1
 24 21 1
 24 22 1
 24 23 1
 24 25 1
 24 26 1
 24 27 1
 24 28 1
 24 29 1
 25 1 1
 25 2 1
 25 4 1
 25 5 1
 25 6 1
 25 8 1
 25 9 1
 25 10 1
 25 11 1
 25 12 1
 25 13 1
 25 14 1
 25 15 1
 25 16 1
 25 18 1
 25 19 1
 25 23 1
 25 26 1
 25 27 1
 25 28 1
 26 1 1
 26 2 1
 26 3 1
 26 5 1
 26 7 1
 26 8 1
 26 9 1
 26 12 1
 26 13 1
 26 14 1
 26 16 1
 26 17 1
 26 18 1
 26 19 1
 26 20 1
 26 21 1
 26 22 1
 26 23 1
 26 25 1
 26 27 1
 26 28 1
 26 29 1
 27 5 1
 27 6 1
 27 7 1
 27 8 1
 27 9 1
 27 10 1
 27 11 1
 27 13 1
 27 14 1
 27 15 1
 27 16 1
 27 17 1
 27 19 1
 27 20 1
 27 21 1
 27 24 1
 27 28 1
 27 29 1
 27 30 1
 28 1 1
 28 2 1
 28 5 1
 28 6 1
 28 7 1
 28 8 1
 28 10 1
 28 12 1
 28 18 1
 28 19 1
 28 22 1
 28 23 1
 28 24 1
 28 25 1
 28 26 1
 28 27 1
 28 29 1
 28 30 1
 29 2 1
 29 3 1
 29 4 1
 29 8 1
 29 10 1
 29 12 1
 29 16 1
 29 18 1
 29 19 1
 29 22 1
 29 25 1
 29 26 1
 30 1 1
 30 2 1
 30 6 1
 30 9 1
 30 10 1
 30 11 1
 30 12 1
 30 17 1
 30 20 1
 30 21 1
 30 22 1
 30 25 1
 30 26 1


