# Created by Octave 4.2.2, Mon Dec 13 20:30:23 2021 CST <lqg@qiguanglin-LC1>
# name: Map
# type: matrix
# rows: 219
# columns: 3
 1 2 1
 1 3 1
 1 4 1
 1 5 1
 1 7 1
 1 8 1
 1 9 1
 1 10 1
 1 12 1
 1 13 1
 1 19 1
 1 20 1
 2 3 1
 2 7 1
 2 8 1
 2 11 1
 2 12 1
 2 13 1
 2 15 1
 2 17 1
 2 20 1
 3 1 1
 3 2 1
 3 4 1
 3 6 1
 3 11 1
 3 12 1
 3 14 1
 3 15 1
 3 16 1
 3 17 1
 3 18 1
 4 1 1
 4 2 1
 4 3 1
 4 5 1
 4 7 1
 4 8 1
 4 11 1
 4 13 1
 4 14 1
 4 16 1
 4 17 1
 4 18 1
 4 19 1
 5 2 1
 5 3 1
 5 4 1
 5 7 1
 5 8 1
 5 9 1
 5 10 1
 5 11 1
 5 12 1
 5 14 1
 5 16 1
 5 18 1
 5 20 1
 6 1 1
 6 2 1
 6 8 1
 6 11 1
 6 14 1
 6 20 1
 7 1 1
 7 2 1
 7 3 1
 7 6 1
 7 9 1
 7 11 1
 7 14 1
 7 15 1
 8 3 1
 8 7 1
 8 9 1
 8 10 1
 8 11 1
 8 12 1
 8 13 1
 8 14 1
 8 17 1
 8 18 1
 8 19 1
 9 2 1
 9 4 1
 9 5 1
 9 6 1
 9 8 1
 9 11 1
 9 12 1
 9 14 1
 9 15 1
 9 17 1
 9 19 1
 9 20 1
 10 1 1
 10 2 1
 10 4 1
 10 6 1
 10 7 1
 10 8 1
 10 9 1
 10 12 1
 10 13 1
 10 15 1
 10 16 1
 10 17 1
 10 18 1
 10 20 1
 11 2 1
 11 3 1
 11 4 1
 11 5 1
 11 6 1
 11 9 1
 11 10 1
 11 12 1
 11 13 1
 11 14 1
 11 15 1
 11 17 1
 11 19 1
 11 20 1
 12 3 1
 12 4 1
 12 7 1
 12 8 1
 12 9 1
 12 10 1
 12 11 1
 12 14 1
 12 15 1
 12 16 1
 12 18 1
 12 19 1
 13 1 1
 13 2 1
 13 3 1
 13 7 1
 13 9 1
 13 12 1
 13 14 1
 13 16 1
 13 18 1
 14 1 1
 14 2 1
 14 4 1
 14 6 1
 14 9 1
 14 11 1
 14 12 1
 14 13 1
 14 16 1
 14 18 1
 14 19 1
 14 20 1
 15 4 1
 15 5 1
 15 6 1
 15 8 1
 15 10 1
 15 14 1
 15 18 1
 15 20 1
 16 1 1
 16 2 1
 16 4 1
 16 6 1
 16 7 1
 16 12 1
 16 13 1
 16 20 1
 17 1 1
 17 2 1
 17 5 1
 17 6 1
 17 8 1
 17 9 1
 17 10 1
 17 12 1
 17 13 1
 17 14 1
 17 15 1
 17 16 1
 17 18 1
 17 19 1
 17 20 1
 18 4 1
 18 5 1
 18 6 1
 18 7 1
 18 8 1
 18 10 1
 18 12 1
 18 13 1
 18 15 1
 18 17 1
 18 19 1
 18 20 1
 19 1 1
 19 2 1
 19 3 1
 19 4 1
 19 5 1
 19 6 1
 19 9 1
 19 11 1
 19 12 1
 19 17 1
 19 18 1
 20 5 1
 20 7 1
 20 9 1
 20 10 1
 20 11 1
 20 12 1
 20 14 1
 20 15 1
 20 16 1


