# Created by Octave 4.2.2, Mon Dec 13 20:30:23 2021 CST <lqg@qiguanglin-LC1>
# name: Map
# type: matrix
# rows: 227
# columns: 3
 1 3 1
 1 8 1
 1 9 1
 1 10 1
 1 11 1
 1 12 1
 1 13 1
 1 14 1
 1 15 1
 1 18 1
 1 19 1
 2 1 1
 2 3 1
 2 4 1
 2 5 1
 2 6 1
 2 7 1
 2 8 1
 2 9 1
 2 11 1
 2 12 1
 2 14 1
 2 17 1
 2 18 1
 2 19 1
 2 20 1
 3 1 1
 3 2 1
 3 5 1
 3 6 1
 3 7 1
 3 8 1
 3 9 1
 3 11 1
 3 13 1
 3 14 1
 3 15 1
 3 16 1
 3 17 1
 3 20 1
 4 1 1
 4 2 1
 4 3 1
 4 5 1
 4 6 1
 4 7 1
 4 8 1
 4 9 1
 4 10 1
 4 11 1
 4 12 1
 4 14 1
 4 17 1
 4 19 1
 4 20 1
 5 3 1
 5 6 1
 5 7 1
 5 8 1
 5 9 1
 5 10 1
 5 11 1
 5 12 1
 5 14 1
 5 17 1
 5 18 1
 5 20 1
 6 2 1
 6 5 1
 6 7 1
 6 9 1
 6 10 1
 6 12 1
 6 14 1
 6 16 1
 6 19 1
 6 20 1
 7 4 1
 7 5 1
 7 9 1
 7 10 1
 7 11 1
 7 12 1
 7 13 1
 7 15 1
 7 16 1
 7 18 1
 7 19 1
 8 1 1
 8 4 1
 8 6 1
 8 9 1
 8 11 1
 8 13 1
 8 15 1
 8 20 1
 9 1 1
 9 2 1
 9 3 1
 9 4 1
 9 7 1
 9 8 1
 9 10 1
 9 12 1
 9 14 1
 9 15 1
 9 16 1
 9 17 1
 9 18 1
 10 2 1
 10 3 1
 10 4 1
 10 5 1
 10 6 1
 10 9 1
 10 15 1
 10 16 1
 10 17 1
 10 18 1
 10 19 1
 11 1 1
 11 4 1
 11 5 1
 11 6 1
 11 7 1
 11 9 1
 11 15 1
 11 19 1
 12 2 1
 12 7 1
 12 8 1
 12 11 1
 12 13 1
 12 15 1
 12 17 1
 12 18 1
 12 20 1
 13 2 1
 13 5 1
 13 6 1
 13 7 1
 13 9 1
 13 10 1
 13 11 1
 13 12 1
 13 14 1
 13 15 1
 13 16 1
 13 17 1
 13 18 1
 13 19 1
 13 20 1
 14 5 1
 14 10 1
 14 11 1
 14 15 1
 14 16 1
 14 17 1
 14 19 1
 15 1 1
 15 2 1
 15 4 1
 15 5 1
 15 9 1
 15 10 1
 15 11 1
 15 13 1
 15 14 1
 15 19 1
 15 20 1
 16 1 1
 16 2 1
 16 3 1
 16 4 1
 16 5 1
 16 6 1
 16 10 1
 16 11 1
 16 12 1
 16 15 1
 16 17 1
 17 2 1
 17 3 1
 17 4 1
 17 7 1
 17 9 1
 17 10 1
 17 11 1
 17 16 1
 17 18 1
 18 1 1
 18 2 1
 18 3 1
 18 5 1
 18 6 1
 18 9 1
 18 11 1
 18 13 1
 18 14 1
 18 15 1
 18 16 1
 18 19 1
 18 20 1
 19 2 1
 19 5 1
 19 7 1
 19 8 1
 19 10 1
 19 13 1
 19 14 1
 19 16 1
 19 17 1
 19 20 1
 20 1 1
 20 2 1
 20 3 1
 20 4 1
 20 5 1
 20 6 1
 20 7 1
 20 8 1
 20 11 1
 20 13 1
 20 15 1
 20 16 1
 20 17 1
 20 18 1


