# Created by Octave 4.2.2, Mon Dec 13 20:30:35 2021 CST <lqg@qiguanglin-LC1>
# name: Map
# type: matrix
# rows: 909
# columns: 3
 1 4 1
 1 5 1
 1 6 1
 1 7 1
 1 9 1
 1 13 1
 1 15 1
 1 16 1
 1 17 1
 1 19 1
 1 20 1
 1 24 1
 1 25 1
 1 28 1
 1 29 1
 1 30 1
 1 31 1
 1 32 1
 1 33 1
 1 35 1
 1 37 1
 1 38 1
 1 39 1
 1 40 1
 2 1 1
 2 6 1
 2 10 1
 2 11 1
 2 14 1
 2 16 1
 2 18 1
 2 19 1
 2 20 1
 2 21 1
 2 22 1
 2 23 1
 2 25 1
 2 26 1
 2 27 1
 2 28 1
 2 29 1
 2 32 1
 2 33 1
 2 37 1
 2 39 1
 3 4 1
 3 5 1
 3 6 1
 3 8 1
 3 9 1
 3 12 1
 3 13 1
 3 14 1
 3 17 1
 3 23 1
 3 25 1
 3 26 1
 3 27 1
 3 28 1
 3 29 1
 3 30 1
 3 32 1
 3 34 1
 3 35 1
 3 36 1
 3 37 1
 3 40 1
 4 1 1
 4 5 1
 4 6 1
 4 10 1
 4 11 1
 4 12 1
 4 16 1
 4 17 1
 4 18 1
 4 19 1
 4 20 1
 4 22 1
 4 23 1
 4 24 1
 4 25 1
 4 26 1
 4 27 1
 4 28 1
 4 30 1
 4 31 1
 4 32 1
 4 40 1
 5 1 1
 5 4 1
 5 9 1
 5 10 1
 5 11 1
 5 12 1
 5 13 1
 5 15 1
 5 21 1
 5 22 1
 5 23 1
 5 24 1
 5 27 1
 5 30 1
 5 31 1
 5 32 1
 5 34 1
 5 35 1
 5 36 1
 5 37 1
 5 38 1
 5 39 1
 6 1 1
 6 2 1
 6 5 1
 6 10 1
 6 11 1
 6 12 1
 6 14 1
 6 16 1
 6 19 1
 6 21 1
 6 22 1
 6 24 1
 6 29 1
 6 30 1
 6 32 1
 6 33 1
 6 34 1
 6 35 1
 6 36 1
 6 38 1
 6 40 1
 7 1 1
 7 2 1
 7 4 1
 7 5 1
 7 6 1
 7 14 1
 7 17 1
 7 19 1
 7 20 1
 7 22 1
 7 24 1
 7 25 1
 7 30 1
 7 31 1
 7 32 1
 7 34 1
 7 35 1
 7 36 1
 7 37 1
 7 38 1
 7 39 1
 7 40 1
 8 1 1
 8 3 1
 8 7 1
 8 9 1
 8 10 1
 8 11 1
 8 12 1
 8 13 1
 8 15 1
 8 17 1
 8 20 1
 8 21 1
 8 22 1
 8 26 1
 8 28 1
 8 31 1
 8 32 1
 8 33 1
 8 34 1
 8 35 1
 8 36 1
 8 37 1
 8 38 1
 8 40 1
 9 1 1
 9 2 1
 9 6 1
 9 7 1
 9 10 1
 9 11 1
 9 12 1
 9 14 1
 9 19 1
 9 24 1
 9 25 1
 9 28 1
 9 29 1
 9 30 1
 9 33 1
 9 34 1
 9 35 1
 9 36 1
 9 37 1
 9 40 1
 10 1 1
 10 2 1
 10 3 1
 10 5 1
 10 6 1
 10 7 1
 10 8 1
 10 11 1
 10 14 1
 10 15 1
 10 16 1
 10 18 1
 10 20 1
 10 21 1
 10 25 1
 10 26 1
 10 30 1
 10 33 1
 10 34 1
 10 35 1
 10 36 1
 10 40 1
 11 3 1
 11 6 1
 11 7 1
 11 8 1
 11 10 1
 11 12 1
 11 13 1
 11 15 1
 11 16 1
 11 17 1
 11 18 1
 11 21 1
 11 23 1
 11 24 1
 11 25 1
 11 26 1
 11 27 1
 11 29 1
 11 31 1
 11 33 1
 11 36 1
 11 38 1
 11 40 1
 12 4 1
 12 6 1
 12 7 1
 12 9 1
 12 10 1
 12 15 1
 12 16 1
 12 17 1
 12 19 1
 12 22 1
 12 23 1
 12 24 1
 12 25 1
 12 27 1
 12 28 1
 12 31 1
 12 34 1
 12 35 1
 12 36 1
 12 39 1
 12 40 1
 13 1 1
 13 3 1
 13 4 1
 13 5 1
 13 6 1
 13 7 1
 13 8 1
 13 10 1
 13 11 1
 13 15 1
 13 16 1
 13 17 1
 13 18 1
 13 19 1
 13 20 1
 13 21 1
 13 24 1
 13 26 1
 13 28 1
 13 29 1
 13 30 1
 13 32 1
 13 33 1
 13 36 1
 13 37 1
 13 38 1
 13 39 1
 14 2 1
 14 5 1
 14 6 1
 14 7 1
 14 8 1
 14 9 1
 14 11 1
 14 12 1
 14 13 1
 14 16 1
 14 17 1
 14 18 1
 14 19 1
 14 25 1
 14 27 1
 14 28 1
 14 30 1
 14 34 1
 14 37 1
 15 1 1
 15 3 1
 15 4 1
 15 5 1
 15 7 1
 15 8 1
 15 9 1
 15 13 1
 15 14 1
 15 16 1
 15 17 1
 15 18 1
 15 21 1
 15 24 1
 15 28 1
 15 30 1
 15 35 1
 15 38 1
 15 39 1
 16 2 1
 16 3 1
 16 4 1
 16 5 1
 16 7 1
 16 8 1
 16 9 1
 16 10 1
 16 11 1
 16 14 1
 16 15 1
 16 17 1
 16 20 1
 16 22 1
 16 25 1
 16 27 1
 16 30 1
 16 35 1
 16 36 1
 16 37 1
 16 38 1
 16 39 1
 16 40 1
 17 3 1
 17 6 1
 17 8 1
 17 9 1
 17 10 1
 17 12 1
 17 13 1
 17 15 1
 17 18 1
 17 19 1
 17 20 1
 17 21 1
 17 22 1
 17 24 1
 17 25 1
 17 30 1
 17 31 1
 17 32 1
 17 33 1
 17 37 1
 18 2 1
 18 3 1
 18 4 1
 18 5 1
 18 6 1
 18 7 1
 18 8 1
 18 11 1
 18 12 1
 18 14 1
 18 15 1
 18 17 1
 18 19 1
 18 20 1
 18 21 1
 18 22 1
 18 23 1
 18 27 1
 18 30 1
 18 31 1
 18 32 1
 18 34 1
 18 37 1
 18 38 1
 18 39 1
 18 40 1
 19 3 1
 19 5 1
 19 8 1
 19 10 1
 19 11 1
 19 12 1
 19 13 1
 19 14 1
 19 15 1
 19 18 1
 19 21 1
 19 23 1
 19 25 1
 19 26 1
 19 27 1
 19 28 1
 19 32 1
 19 35 1
 20 3 1
 20 4 1
 20 6 1
 20 7 1
 20 8 1
 20 9 1
 20 11 1
 20 12 1
 20 13 1
 20 15 1
 20 18 1
 20 19 1
 20 21 1
 20 22 1
 20 23 1
 20 26 1
 20 27 1
 20 28 1
 20 29 1
 20 30 1
 20 36 1
 20 37 1
 20 39 1
 20 40 1
 21 1 1
 21 2 1
 21 3 1
 21 5 1
 21 7 1
 21 9 1
 21 10 1
 21 14 1
 21 15 1
 21 19 1
 21 20 1
 21 22 1
 21 23 1
 21 24 1
 21 25 1
 21 26 1
 21 29 1
 21 30 1
 21 31 1
 21 32 1
 21 34 1
 21 35 1
 21 36 1
 21 37 1
 21 39 1
 22 1 1
 22 3 1
 22 7 1
 22 8 1
 22 11 1
 22 12 1
 22 13 1
 22 14 1
 22 15 1
 22 16 1
 22 17 1
 22 20 1
 22 23 1
 22 25 1
 22 26 1
 22 27 1
 22 28 1
 22 29 1
 22 30 1
 22 32 1
 22 34 1
 22 35 1
 22 37 1
 22 38 1
 22 40 1
 23 2 1
 23 3 1
 23 4 1
 23 5 1
 23 8 1
 23 9 1
 23 10 1
 23 14 1
 23 15 1
 23 17 1
 23 19 1
 23 21 1
 23 24 1
 23 26 1
 23 28 1
 23 29 1
 23 31 1
 23 32 1
 23 33 1
 23 34 1
 23 35 1
 23 37 1
 23 38 1
 23 39 1
 23 40 1
 24 1 1
 24 2 1
 24 3 1
 24 4 1
 24 5 1
 24 6 1
 24 8 1
 24 9 1
 24 10 1
 24 12 1
 24 14 1
 24 17 1
 24 20 1
 24 22 1
 24 25 1
 24 27 1
 24 28 1
 24 29 1
 24 30 1
 24 33 1
 24 34 1
 24 36 1
 24 37 1
 24 40 1
 25 3 1
 25 5 1
 25 7 1
 25 12 1
 25 15 1
 25 16 1
 25 18 1
 25 19 1
 25 23 1
 25 24 1
 25 26 1
 25 29 1
 25 30 1
 25 31 1
 25 32 1
 25 35 1
 25 36 1
 25 37 1
 25 39 1
 25 40 1
 26 1 1
 26 3 1
 26 6 1
 26 7 1
 26 8 1
 26 10 1
 26 13 1
 26 14 1
 26 15 1
 26 16 1
 26 18 1
 26 20 1
 26 22 1
 26 24 1
 26 27 1
 26 28 1
 26 29 1
 26 30 1
 26 31 1
 26 32 1
 26 33 1
 26 37 1
 26 38 1
 26 39 1
 27 1 1
 27 2 1
 27 4 1
 27 7 1
 27 8 1
 27 9 1
 27 10 1
 27 14 1
 27 15 1
 27 19 1
 27 20 1
 27 21 1
 27 22 1
 27 23 1
 27 28 1
 27 30 1
 27 31 1
 27 34 1
 27 35 1
 27 38 1
 27 39 1
 27 40 1
 28 1 1
 28 2 1
 28 3 1
 28 6 1
 28 7 1
 28 10 1
 28 12 1
 28 13 1
 28 14 1
 28 15 1
 28 17 1
 28 18 1
 28 20 1
 28 23 1
 28 24 1
 28 27 1
 28 30 1
 28 31 1
 28 32 1
 28 33 1
 28 34 1
 28 35 1
 28 36 1
 28 37 1
 29 1 1
 29 2 1
 29 4 1
 29 6 1
 29 7 1
 29 9 1
 29 10 1
 29 11 1
 29 12 1
 29 14 1
 29 15 1
 29 16 1
 29 17 1
 29 18 1
 29 19 1
 29 21 1
 29 22 1
 29 23 1
 29 25 1
 29 27 1
 29 28 1
 29 32 1
 29 35 1
 29 36 1
 29 37 1
 30 2 1
 30 6 1
 30 7 1
 30 8 1
 30 9 1
 30 10 1
 30 12 1
 30 13 1
 30 14 1
 30 15 1
 30 17 1
 30 18 1
 30 22 1
 30 23 1
 30 26 1
 30 27 1
 30 28 1
 30 31 1
 30 34 1
 30 35 1
 30 37 1
 30 38 1
 30 40 1
 31 2 1
 31 3 1
 31 4 1
 31 5 1
 31 6 1
 31 8 1
 31 9 1
 31 10 1
 31 11 1
 31 12 1
 31 15 1
 31 17 1
 31 18 1
 31 21 1
 31 22 1
 31 24 1
 31 26 1
 31 27 1
 31 28 1
 31 30 1
 31 32 1
 31 33 1
 31 35 1
 31 38 1
 32 1 1
 32 2 1
 32 4 1
 32 8 1
 32 9 1
 32 10 1
 32 12 1
 32 13 1
 32 14 1
 32 17 1
 32 18 1
 32 25 1
 32 26 1
 32 29 1
 32 30 1
 32 31 1
 32 33 1
 32 34 1
 32 39 1
 33 1 1
 33 2 1
 33 4 1
 33 5 1
 33 9 1
 33 10 1
 33 12 1
 33 13 1
 33 16 1
 33 18 1
 33 19 1
 33 20 1
 33 21 1
 33 24 1
 33 25 1
 33 28 1
 33 29 1
 33 30 1
 33 31 1
 33 34 1
 33 36 1
 33 37 1
 33 39 1
 33 40 1
 34 2 1
 34 5 1
 34 8 1
 34 9 1
 34 10 1
 34 11 1
 34 12 1
 34 13 1
 34 14 1
 34 15 1
 34 17 1
 34 18 1
 34 21 1
 34 25 1
 34 28 1
 34 31 1
 34 33 1
 34 35 1
 34 36 1
 34 38 1
 34 40 1
 35 1 1
 35 2 1
 35 5 1
 35 6 1
 35 7 1
 35 8 1
 35 10 1
 35 11 1
 35 12 1
 35 14 1
 35 15 1
 35 16 1
 35 17 1
 35 18 1
 35 19 1
 35 21 1
 35 22 1
 35 24 1
 35 27 1
 35 28 1
 35 29 1
 35 30 1
 35 31 1
 35 33 1
 35 36 1
 35 37 1
 35 38 1
 35 40 1
 36 2 1
 36 3 1
 36 4 1
 36 5 1
 36 8 1
 36 11 1
 36 12 1
 36 13 1
 36 15 1
 36 19 1
 36 20 1
 36 24 1
 36 26 1
 36 27 1
 36 31 1
 36 32 1
 36 33 1
 36 38 1
 36 40 1
 37 1 1
 37 2 1
 37 4 1
 37 7 1
 37 9 1
 37 10 1
 37 11 1
 37 12 1
 37 14 1
 37 16 1
 37 18 1
 37 20 1
 37 21 1
 37 22 1
 37 26 1
 37 31 1
 37 33 1
 37 34 1
 37 35 1
 37 39 1
 38 2 1
 38 3 1
 38 7 1
 38 10 1
 38 11 1
 38 12 1
 38 13 1
 38 14 1
 38 15 1
 38 17 1
 38 19 1
 38 20 1
 38 21 1
 38 22 1
 38 23 1
 38 24 1
 38 26 1
 38 30 1
 38 31 1
 38 33 1
 38 35 1
 38 36 1
 38 39 1
 39 2 1
 39 5 1
 39 6 1
 39 7 1
 39 8 1
 39 9 1
 39 11 1
 39 13 1
 39 15 1
 39 16 1
 39 17 1
 39 18 1
 39 19 1
 39 21 1
 39 22 1
 39 24 1
 39 25 1
 39 26 1
 39 28 1
 39 30 1
 39 31 1
 39 32 1
 39 34 1
 39 35 1
 39 36 1
 39 37 1
 39 38 1
 39 40 1
 40 1 1
 40 2 1
 40 4 1
 40 5 1
 40 7 1
 40 8 1
 40 9 1
 40 10 1
 40 11 1
 40 16 1
 40 17 1
 40 18 1
 40 19 1
 40 23 1
 40 24 1
 40 25 1
 40 26 1
 40 28 1
 40 29 1
 40 30 1
 40 32 1
 40 33 1
 40 35 1
 40 37 1
 40 38 1
 40 39 1


