# Created by Octave 4.2.2, Mon Dec 13 20:30:27 2021 CST <lqg@qiguanglin-LC1>
# name: Map
# type: matrix
# rows: 526
# columns: 3
 1 2 1
 1 3 1
 1 5 1
 1 6 1
 1 7 1
 1 17 1
 1 19 1
 1 20 1
 1 21 1
 1 22 1
 1 23 1
 1 24 1
 1 25 1
 1 27 1
 1 28 1
 1 29 1
 2 4 1
 2 5 1
 2 6 1
 2 7 1
 2 9 1
 2 12 1
 2 14 1
 2 16 1
 2 17 1
 2 18 1
 2 19 1
 2 21 1
 2 22 1
 2 27 1
 2 28 1
 2 29 1
 2 30 1
 3 1 1
 3 2 1
 3 4 1
 3 5 1
 3 6 1
 3 7 1
 3 8 1
 3 9 1
 3 10 1
 3 11 1
 3 12 1
 3 14 1
 3 16 1
 3 17 1
 3 18 1
 3 19 1
 3 22 1
 3 25 1
 3 26 1
 3 29 1
 4 3 1
 4 6 1
 4 9 1
 4 12 1
 4 13 1
 4 15 1
 4 16 1
 4 17 1
 4 20 1
 4 22 1
 4 24 1
 4 26 1
 4 29 1
 4 30 1
 5 1 1
 5 7 1
 5 8 1
 5 9 1
 5 12 1
 5 14 1
 5 15 1
 5 16 1
 5 17 1
 5 19 1
 5 20 1
 5 21 1
 5 22 1
 5 23 1
 5 26 1
 5 27 1
 5 28 1
 5 29 1
 6 1 1
 6 2 1
 6 5 1
 6 8 1
 6 10 1
 6 11 1
 6 12 1
 6 14 1
 6 16 1
 6 17 1
 6 18 1
 6 19 1
 6 20 1
 6 24 1
 6 25 1
 6 26 1
 6 27 1
 6 28 1
 6 29 1
 7 1 1
 7 3 1
 7 4 1
 7 5 1
 7 6 1
 7 8 1
 7 9 1
 7 10 1
 7 12 1
 7 13 1
 7 14 1
 7 18 1
 7 19 1
 7 21 1
 7 22 1
 7 23 1
 7 25 1
 7 27 1
 7 28 1
 7 29 1
 7 30 1
 8 2 1
 8 3 1
 8 4 1
 8 6 1
 8 10 1
 8 11 1
 8 13 1
 8 14 1
 8 16 1
 8 17 1
 8 18 1
 8 21 1
 8 22 1
 8 23 1
 8 24 1
 8 25 1
 8 26 1
 8 27 1
 8 29 1
 9 1 1
 9 2 1
 9 3 1
 9 4 1
 9 10 1
 9 12 1
 9 14 1
 9 15 1
 9 16 1
 9 17 1
 9 18 1
 9 19 1
 9 21 1
 9 22 1
 9 23 1
 9 24 1
 9 26 1
 9 27 1
 9 28 1
 9 29 1
 10 2 1
 10 3 1
 10 4 1
 10 5 1
 10 7 1
 10 9 1
 10 12 1
 10 13 1
 10 14 1
 10 19 1
 10 21 1
 10 22 1
 10 25 1
 10 26 1
 10 27 1
 10 28 1
 10 30 1
 11 1 1
 11 2 1
 11 3 1
 11 4 1
 11 6 1
 11 8 1
 11 12 1
 11 14 1
 11 16 1
 11 19 1
 11 20 1
 11 22 1
 11 23 1
 11 24 1
 11 27 1
 12 1 1
 12 3 1
 12 4 1
 12 7 1
 12 8 1
 12 9 1
 12 10 1
 12 11 1
 12 13 1
 12 14 1
 12 15 1
 12 16 1
 12 17 1
 12 18 1
 12 19 1
 12 21 1
 12 23 1
 12 25 1
 12 28 1
 12 29 1
 12 30 1
 13 1 1
 13 2 1
 13 6 1
 13 7 1
 13 8 1
 13 9 1
 13 10 1
 13 11 1
 13 15 1
 13 16 1
 13 18 1
 13 19 1
 13 20 1
 13 21 1
 13 22 1
 13 24 1
 13 25 1
 13 26 1
 13 28 1
 13 29 1
 13 30 1
 14 6 1
 14 7 1
 14 8 1
 14 12 1
 14 15 1
 14 16 1
 14 18 1
 14 19 1
 14 23 1
 14 24 1
 14 25 1
 14 28 1
 14 29 1
 14 30 1
 15 1 1
 15 3 1
 15 5 1
 15 6 1
 15 7 1
 15 8 1
 15 9 1
 15 11 1
 15 14 1
 15 17 1
 15 19 1
 15 22 1
 15 27 1
 15 28 1
 15 29 1
 15 30 1
 16 1 1
 16 2 1
 16 3 1
 16 5 1
 16 6 1
 16 8 1
 16 9 1
 16 11 1
 16 12 1
 16 13 1
 16 14 1
 16 17 1
 16 18 1
 16 19 1
 16 20 1
 16 21 1
 16 23 1
 16 25 1
 16 30 1
 17 7 1
 17 8 1
 17 12 1
 17 13 1
 17 14 1
 17 15 1
 17 18 1
 17 19 1
 17 21 1
 17 22 1
 17 23 1
 17 24 1
 17 27 1
 17 28 1
 17 29 1
 18 1 1
 18 2 1
 18 3 1
 18 5 1
 18 7 1
 18 8 1
 18 9 1
 18 10 1
 18 12 1
 18 13 1
 18 15 1
 18 16 1
 18 19 1
 18 20 1
 18 22 1
 18 23 1
 18 25 1
 18 28 1
 18 30 1
 19 3 1
 19 5 1
 19 8 1
 19 10 1
 19 13 1
 19 17 1
 19 21 1
 19 22 1
 19 24 1
 19 25 1
 19 26 1
 19 27 1
 19 28 1
 19 29 1
 19 30 1
 20 1 1
 20 3 1
 20 4 1
 20 6 1
 20 7 1
 20 9 1
 20 11 1
 20 12 1
 20 14 1
 20 15 1
 20 18 1
 20 22 1
 20 23 1
 20 25 1
 20 26 1
 20 28 1
 20 29 1
 20 30 1
 21 1 1
 21 3 1
 21 5 1
 21 6 1
 21 7 1
 21 8 1
 21 9 1
 21 10 1
 21 12 1
 21 13 1
 21 14 1
 21 15 1
 21 16 1
 21 17 1
 21 18 1
 21 19 1
 21 20 1
 21 22 1
 21 23 1
 21 25 1
 21 29 1
 22 1 1
 22 3 1
 22 5 1
 22 6 1
 22 8 1
 22 9 1
 22 10 1
 22 11 1
 22 13 1
 22 15 1
 22 20 1
 22 21 1
 22 23 1
 22 24 1
 22 26 1
 22 27 1
 22 29 1
 22 30 1
 23 3 1
 23 4 1
 23 5 1
 23 7 1
 23 8 1
 23 11 1
 23 15 1
 23 16 1
 23 19 1
 23 20 1
 23 21 1
 23 22 1
 23 24 1
 23 25 1
 23 26 1
 23 29 1
 23 30 1
 24 1 1
 24 2 1
 24 4 1
 24 7 1
 24 8 1
 24 9 1
 24 10 1
 24 11 1
 24 13 1
 24 15 1
 24 16 1
 24 19 1
 24 22 1
 24 25 1
 24 28 1
 25 1 1
 25 2 1
 25 3 1
 25 4 1
 25 6 1
 25 12 1
 25 15 1
 25 16 1
 25 18 1
 25 20 1
 25 23 1
 25 26 1
 26 1 1
 26 2 1
 26 3 1
 26 4 1
 26 7 1
 26 9 1
 26 10 1
 26 12 1
 26 13 1
 26 17 1
 26 19 1
 26 20 1
 26 22 1
 26 23 1
 26 24 1
 26 25 1
 26 29 1
 26 30 1
 27 2 1
 27 5 1
 27 6 1
 27 9 1
 27 10 1
 27 11 1
 27 13 1
 27 14 1
 27 15 1
 27 16 1
 27 17 1
 27 18 1
 27 19 1
 27 20 1
 27 25 1
 27 26 1
 27 28 1
 27 29 1
 27 30 1
 28 1 1
 28 2 1
 28 3 1
 28 5 1
 28 6 1
 28 7 1
 28 10 1
 28 11 1
 28 12 1
 28 13 1
 28 14 1
 28 15 1
 28 16 1
 28 17 1
 28 20 1
 28 22 1
 28 23 1
 28 24 1
 28 25 1
 28 26 1
 28 27 1
 28 29 1
 28 30 1
 29 2 1
 29 6 1
 29 9 1
 29 10 1
 29 12 1
 29 13 1
 29 16 1
 29 17 1
 29 18 1
 29 19 1
 29 21 1
 29 22 1
 29 25 1
 29 26 1
 29 30 1
 30 2 1
 30 4 1
 30 6 1
 30 7 1
 30 8 1
 30 13 1
 30 15 1
 30 17 1
 30 18 1
 30 20 1
 30 23 1
 30 25 1
 30 26 1
 30 29 1


