# Created by Octave 4.2.2, Mon Dec 13 20:30:32 2021 CST <lqg@qiguanglin-LC1>
# name: Map
# type: matrix
# rows: 931
# columns: 3
 1 2 1
 1 4 1
 1 5 1
 1 6 1
 1 9 1
 1 11 1
 1 13 1
 1 15 1
 1 18 1
 1 19 1
 1 20 1
 1 22 1
 1 23 1
 1 24 1
 1 25 1
 1 27 1
 1 28 1
 1 29 1
 1 33 1
 1 34 1
 1 35 1
 1 36 1
 1 37 1
 1 40 1
 2 1 1
 2 3 1
 2 5 1
 2 8 1
 2 11 1
 2 14 1
 2 15 1
 2 18 1
 2 19 1
 2 21 1
 2 22 1
 2 23 1
 2 25 1
 2 26 1
 2 29 1
 2 31 1
 2 32 1
 2 33 1
 2 35 1
 2 36 1
 2 38 1
 3 1 1
 3 5 1
 3 6 1
 3 7 1
 3 9 1
 3 11 1
 3 14 1
 3 15 1
 3 16 1
 3 18 1
 3 19 1
 3 20 1
 3 24 1
 3 28 1
 3 30 1
 3 33 1
 3 34 1
 3 35 1
 3 36 1
 3 37 1
 4 3 1
 4 5 1
 4 6 1
 4 8 1
 4 9 1
 4 13 1
 4 15 1
 4 16 1
 4 17 1
 4 18 1
 4 19 1
 4 21 1
 4 22 1
 4 24 1
 4 26 1
 4 29 1
 4 30 1
 4 31 1
 4 33 1
 4 34 1
 4 36 1
 4 39 1
 4 40 1
 5 1 1
 5 3 1
 5 6 1
 5 7 1
 5 10 1
 5 11 1
 5 13 1
 5 14 1
 5 17 1
 5 19 1
 5 20 1
 5 21 1
 5 22 1
 5 23 1
 5 24 1
 5 25 1
 5 26 1
 5 27 1
 5 30 1
 5 31 1
 5 32 1
 5 33 1
 5 37 1
 5 38 1
 5 39 1
 5 40 1
 6 1 1
 6 3 1
 6 5 1
 6 12 1
 6 13 1
 6 14 1
 6 16 1
 6 17 1
 6 19 1
 6 20 1
 6 22 1
 6 23 1
 6 24 1
 6 27 1
 6 29 1
 6 30 1
 6 31 1
 6 32 1
 6 33 1
 6 34 1
 6 35 1
 6 37 1
 7 1 1
 7 2 1
 7 3 1
 7 4 1
 7 5 1
 7 9 1
 7 12 1
 7 13 1
 7 14 1
 7 16 1
 7 18 1
 7 26 1
 7 27 1
 7 28 1
 7 29 1
 7 30 1
 7 32 1
 7 37 1
 8 1 1
 8 2 1
 8 3 1
 8 4 1
 8 7 1
 8 9 1
 8 10 1
 8 16 1
 8 17 1
 8 19 1
 8 22 1
 8 25 1
 8 27 1
 8 28 1
 8 30 1
 8 31 1
 8 32 1
 8 33 1
 8 35 1
 8 37 1
 8 38 1
 8 40 1
 9 1 1
 9 3 1
 9 4 1
 9 5 1
 9 6 1
 9 10 1
 9 11 1
 9 13 1
 9 16 1
 9 18 1
 9 19 1
 9 22 1
 9 24 1
 9 25 1
 9 29 1
 9 31 1
 9 33 1
 9 34 1
 9 35 1
 9 36 1
 9 37 1
 9 38 1
 9 40 1
 10 2 1
 10 3 1
 10 7 1
 10 8 1
 10 9 1
 10 12 1
 10 14 1
 10 15 1
 10 16 1
 10 17 1
 10 18 1
 10 19 1
 10 22 1
 10 24 1
 10 25 1
 10 27 1
 10 28 1
 10 29 1
 10 31 1
 10 32 1
 10 33 1
 10 34 1
 10 35 1
 10 38 1
 10 39 1
 10 40 1
 11 2 1
 11 3 1
 11 4 1
 11 7 1
 11 8 1
 11 9 1
 11 10 1
 11 12 1
 11 13 1
 11 14 1
 11 15 1
 11 16 1
 11 17 1
 11 19 1
 11 22 1
 11 23 1
 11 25 1
 11 29 1
 11 31 1
 11 32 1
 11 33 1
 11 34 1
 11 35 1
 11 36 1
 11 37 1
 11 40 1
 12 1 1
 12 2 1
 12 3 1
 12 5 1
 12 6 1
 12 8 1
 12 9 1
 12 15 1
 12 16 1
 12 17 1
 12 21 1
 12 22 1
 12 23 1
 12 25 1
 12 26 1
 12 27 1
 12 29 1
 12 30 1
 12 31 1
 12 32 1
 12 34 1
 12 35 1
 12 36 1
 12 37 1
 12 38 1
 12 40 1
 13 1 1
 13 2 1
 13 5 1
 13 6 1
 13 7 1
 13 9 1
 13 10 1
 13 12 1
 13 14 1
 13 15 1
 13 16 1
 13 21 1
 13 24 1
 13 25 1
 13 27 1
 13 28 1
 13 30 1
 13 34 1
 13 36 1
 13 37 1
 13 38 1
 13 39 1
 13 40 1
 14 1 1
 14 3 1
 14 6 1
 14 7 1
 14 8 1
 14 11 1
 14 13 1
 14 15 1
 14 16 1
 14 19 1
 14 22 1
 14 25 1
 14 26 1
 14 27 1
 14 31 1
 14 32 1
 14 33 1
 14 40 1
 15 1 1
 15 4 1
 15 5 1
 15 12 1
 15 16 1
 15 18 1
 15 19 1
 15 20 1
 15 22 1
 15 25 1
 15 26 1
 15 27 1
 15 28 1
 15 29 1
 15 30 1
 15 31 1
 15 33 1
 15 36 1
 15 38 1
 15 39 1
 15 40 1
 16 1 1
 16 3 1
 16 4 1
 16 7 1
 16 8 1
 16 9 1
 16 10 1
 16 13 1
 16 14 1
 16 15 1
 16 17 1
 16 18 1
 16 20 1
 16 21 1
 16 22 1
 16 23 1
 16 24 1
 16 25 1
 16 26 1
 16 27 1
 16 28 1
 16 29 1
 16 30 1
 16 31 1
 16 33 1
 16 36 1
 16 38 1
 16 39 1
 16 40 1
 17 1 1
 17 3 1
 17 5 1
 17 6 1
 17 7 1
 17 9 1
 17 10 1
 17 12 1
 17 13 1
 17 16 1
 17 18 1
 17 21 1
 17 24 1
 17 25 1
 17 26 1
 17 28 1
 17 29 1
 17 30 1
 17 33 1
 17 37 1
 17 38 1
 17 39 1
 17 40 1
 18 1 1
 18 2 1
 18 4 1
 18 5 1
 18 6 1
 18 7 1
 18 8 1
 18 9 1
 18 10 1
 18 12 1
 18 14 1
 18 16 1
 18 19 1
 18 22 1
 18 23 1
 18 26 1
 18 28 1
 18 31 1
 18 32 1
 18 34 1
 18 36 1
 18 38 1
 18 40 1
 19 1 1
 19 3 1
 19 4 1
 19 5 1
 19 6 1
 19 8 1
 19 10 1
 19 11 1
 19 13 1
 19 14 1
 19 18 1
 19 21 1
 19 22 1
 19 23 1
 19 24 1
 19 26 1
 19 27 1
 19 28 1
 19 29 1
 19 31 1
 19 32 1
 19 33 1
 19 35 1
 19 36 1
 19 37 1
 19 38 1
 19 39 1
 19 40 1
 20 1 1
 20 2 1
 20 5 1
 20 7 1
 20 8 1
 20 10 1
 20 11 1
 20 12 1
 20 15 1
 20 17 1
 20 19 1
 20 21 1
 20 22 1
 20 26 1
 20 29 1
 20 30 1
 20 32 1
 20 34 1
 20 35 1
 20 36 1
 20 37 1
 20 38 1
 20 40 1
 21 1 1
 21 2 1
 21 3 1
 21 5 1
 21 6 1
 21 9 1
 21 10 1
 21 12 1
 21 14 1
 21 16 1
 21 18 1
 21 19 1
 21 22 1
 21 23 1
 21 25 1
 21 26 1
 21 28 1
 21 29 1
 21 31 1
 21 32 1
 21 33 1
 21 35 1
 21 36 1
 21 40 1
 22 1 1
 22 2 1
 22 3 1
 22 6 1
 22 7 1
 22 8 1
 22 9 1
 22 10 1
 22 13 1
 22 15 1
 22 16 1
 22 17 1
 22 18 1
 22 25 1
 22 27 1
 22 28 1
 22 30 1
 22 31 1
 22 32 1
 22 33 1
 22 34 1
 22 37 1
 22 38 1
 22 40 1
 23 1 1
 23 3 1
 23 5 1
 23 7 1
 23 8 1
 23 9 1
 23 10 1
 23 12 1
 23 13 1
 23 14 1
 23 15 1
 23 18 1
 23 19 1
 23 20 1
 23 21 1
 23 22 1
 23 24 1
 23 25 1
 23 26 1
 23 27 1
 23 28 1
 23 29 1
 23 31 1
 23 37 1
 23 38 1
 23 40 1
 24 1 1
 24 2 1
 24 4 1
 24 7 1
 24 8 1
 24 9 1
 24 10 1
 24 11 1
 24 12 1
 24 14 1
 24 18 1
 24 21 1
 24 25 1
 24 26 1
 24 29 1
 24 30 1
 24 34 1
 24 35 1
 24 36 1
 24 37 1
 25 1 1
 25 2 1
 25 3 1
 25 4 1
 25 5 1
 25 7 1
 25 10 1
 25 11 1
 25 12 1
 25 15 1
 25 16 1
 25 18 1
 25 19 1
 25 22 1
 25 26 1
 25 28 1
 25 29 1
 25 31 1
 25 33 1
 25 35 1
 25 36 1
 25 40 1
 26 1 1
 26 4 1
 26 5 1
 26 6 1
 26 7 1
 26 10 1
 26 11 1
 26 13 1
 26 14 1
 26 15 1
 26 16 1
 26 17 1
 26 19 1
 26 20 1
 26 23 1
 26 25 1
 26 27 1
 26 28 1
 26 33 1
 26 37 1
 26 39 1
 27 1 1
 27 2 1
 27 9 1
 27 10 1
 27 11 1
 27 13 1
 27 15 1
 27 16 1
 27 18 1
 27 19 1
 27 20 1
 27 22 1
 27 24 1
 27 25 1
 27 28 1
 27 29 1
 27 30 1
 27 32 1
 27 33 1
 27 36 1
 27 37 1
 27 38 1
 27 40 1
 28 1 1
 28 3 1
 28 6 1
 28 7 1
 28 12 1
 28 13 1
 28 16 1
 28 18 1
 28 19 1
 28 20 1
 28 21 1
 28 23 1
 28 24 1
 28 27 1
 28 32 1
 28 34 1
 28 35 1
 28 36 1
 28 39 1
 29 1 1
 29 2 1
 29 3 1
 29 4 1
 29 5 1
 29 9 1
 29 13 1
 29 15 1
 29 16 1
 29 19 1
 29 20 1
 29 22 1
 29 23 1
 29 26 1
 29 27 1
 29 28 1
 29 30 1
 29 31 1
 29 36 1
 29 38 1
 29 39 1
 30 3 1
 30 4 1
 30 6 1
 30 7 1
 30 8 1
 30 10 1
 30 11 1
 30 12 1
 30 13 1
 30 17 1
 30 18 1
 30 19 1
 30 24 1
 30 25 1
 30 28 1
 30 31 1
 30 32 1
 30 35 1
 30 36 1
 30 37 1
 30 38 1
 30 39 1
 30 40 1
 31 1 1
 31 2 1
 31 4 1
 31 6 1
 31 7 1
 31 9 1
 31 10 1
 31 11 1
 31 12 1
 31 13 1
 31 14 1
 31 16 1
 31 19 1
 31 20 1
 31 23 1
 31 25 1
 31 28 1
 31 29 1
 31 30 1
 31 32 1
 31 34 1
 31 35 1
 31 36 1
 31 37 1
 31 38 1
 32 1 1
 32 2 1
 32 3 1
 32 4 1
 32 5 1
 32 8 1
 32 11 1
 32 13 1
 32 14 1
 32 15 1
 32 16 1
 32 17 1
 32 18 1
 32 19 1
 32 20 1
 32 23 1
 32 24 1
 32 26 1
 32 28 1
 32 29 1
 32 31 1
 32 35 1
 32 37 1
 32 39 1
 33 1 1
 33 2 1
 33 3 1
 33 4 1
 33 5 1
 33 6 1
 33 11 1
 33 12 1
 33 15 1
 33 17 1
 33 19 1
 33 20 1
 33 22 1
 33 23 1
 33 24 1
 33 25 1
 33 26 1
 33 28 1
 33 29 1
 33 30 1
 33 39 1
 33 40 1
 34 1 1
 34 2 1
 34 3 1
 34 4 1
 34 6 1
 34 11 1
 34 13 1
 34 14 1
 34 15 1
 34 16 1
 34 17 1
 34 18 1
 34 20 1
 34 21 1
 34 23 1
 34 24 1
 34 25 1
 34 27 1
 34 30 1
 34 32 1
 34 33 1
 34 37 1
 34 38 1
 35 2 1
 35 5 1
 35 6 1
 35 7 1
 35 8 1
 35 10 1
 35 11 1
 35 15 1
 35 16 1
 35 17 1
 35 18 1
 35 19 1
 35 22 1
 35 27 1
 35 29 1
 35 31 1
 35 32 1
 35 33 1
 35 37 1
 35 39 1
 35 40 1
 36 1 1
 36 4 1
 36 5 1
 36 6 1
 36 7 1
 36 8 1
 36 9 1
 36 10 1
 36 11 1
 36 12 1
 36 13 1
 36 17 1
 36 18 1
 36 19 1
 36 20 1
 36 21 1
 36 22 1
 36 23 1
 36 28 1
 36 31 1
 36 33 1
 36 34 1
 36 35 1
 36 38 1
 36 39 1
 36 40 1
 37 2 1
 37 3 1
 37 5 1
 37 8 1
 37 9 1
 37 10 1
 37 11 1
 37 12 1
 37 13 1
 37 14 1
 37 15 1
 37 16 1
 37 17 1
 37 18 1
 37 20 1
 37 21 1
 37 23 1
 37 25 1
 37 26 1
 37 28 1
 37 31 1
 37 32 1
 37 35 1
 37 36 1
 37 39 1
 37 40 1
 38 1 1
 38 2 1
 38 4 1
 38 5 1
 38 6 1
 38 7 1
 38 8 1
 38 9 1
 38 10 1
 38 16 1
 38 17 1
 38 20 1
 38 21 1
 38 22 1
 38 24 1
 38 25 1
 38 26 1
 38 28 1
 38 29 1
 38 32 1
 38 33 1
 38 35 1
 38 36 1
 38 39 1
 38 40 1
 39 6 1
 39 7 1
 39 8 1
 39 10 1
 39 12 1
 39 14 1
 39 15 1
 39 16 1
 39 17 1
 39 18 1
 39 19 1
 39 22 1
 39 24 1
 39 25 1
 39 27 1
 39 28 1
 39 29 1
 39 30 1
 39 32 1
 39 35 1
 39 36 1
 39 37 1
 39 38 1
 40 2 1
 40 3 1
 40 5 1
 40 6 1
 40 8 1
 40 9 1
 40 10 1
 40 11 1
 40 12 1
 40 15 1
 40 16 1
 40 17 1
 40 18 1
 40 19 1
 40 20 1
 40 22 1
 40 23 1
