# Created by Octave 4.2.2, Mon Dec 13 20:30:28 2021 CST <lqg@qiguanglin-LC1>
# name: Map
# type: matrix
# rows: 503
# columns: 3
 1 2 1
 1 3 1
 1 7 1
 1 9 1
 1 13 1
 1 14 1
 1 15 1
 1 17 1
 1 18 1
 1 19 1
 1 21 1
 1 22 1
 1 24 1
 1 25 1
 1 27 1
 1 28 1
 1 29 1
 2 1 1
 2 5 1
 2 7 1
 2 9 1
 2 10 1
 2 11 1
 2 12 1
 2 14 1
 2 15 1
 2 16 1
 2 17 1
 2 18 1
 2 19 1
 2 20 1
 2 21 1
 2 22 1
 2 23 1
 2 24 1
 2 26 1
 2 29 1
 2 30 1
 3 1 1
 3 2 1
 3 6 1
 3 7 1
 3 8 1
 3 9 1
 3 14 1
 3 15 1
 3 17 1
 3 18 1
 3 19 1
 3 20 1
 3 21 1
 3 23 1
 3 25 1
 3 29 1
 3 30 1
 4 1 1
 4 3 1
 4 7 1
 4 9 1
 4 10 1
 4 11 1
 4 12 1
 4 13 1
 4 16 1
 4 18 1
 4 19 1
 4 22 1
 4 23 1
 4 24 1
 4 25 1
 4 27 1
 4 29 1
 5 2 1
 5 3 1
 5 4 1
 5 6 1
 5 8 1
 5 9 1
 5 10 1
 5 11 1
 5 13 1
 5 14 1
 5 15 1
 5 16 1
 5 18 1
 5 19 1
 5 20 1
 5 21 1
 5 22 1
 5 23 1
 5 25 1
 5 27 1
 5 28 1
 5 29 1
 6 2 1
 6 7 1
 6 8 1
 6 11 1
 6 12 1
 6 13 1
 6 15 1
 6 16 1
 6 20 1
 6 22 1
 6 25 1
 6 27 1
 6 28 1
 7 1 1
 7 4 1
 7 5 1
 7 8 1
 7 9 1
 7 11 1
 7 13 1
 7 14 1
 7 15 1
 7 17 1
 7 18 1
 7 22 1
 7 24 1
 7 25 1
 7 26 1
 7 29 1
 7 30 1
 8 2 1
 8 3 1
 8 5 1
 8 6 1
 8 7 1
 8 11 1
 8 13 1
 8 15 1
 8 16 1
 8 17 1
 8 18 1
 8 19 1
 8 21 1
 8 24 1
 8 27 1
 8 28 1
 8 29 1
 9 1 1
 9 2 1
 9 3 1
 9 7 1
 9 8 1
 9 11 1
 9 12 1
 9 13 1
 9 14 1
 9 17 1
 9 19 1
 9 20 1
 9 21 1
 9 22 1
 9 26 1
 9 27 1
 9 28 1
 10 3 1
 10 5 1
 10 6 1
 10 8 1
 10 9 1
 10 11 1
 10 17 1
 10 19 1
 10 20 1
 10 21 1
 10 25 1
 10 26 1
 10 27 1
 10 28 1
 10 30 1
 11 1 1
 11 2 1
 11 5 1
 11 6 1
 11 8 1
 11 10 1
 11 14 1
 11 15 1
 11 16 1
 11 19 1
 11 20 1
 11 22 1
 11 25 1
 11 26 1
 11 27 1
 11 29 1
 11 30 1
 12 2 1
 12 3 1
 12 5 1
 12 6 1
 12 7 1
 12 9 1
 12 13 1
 12 14 1
 12 15 1
 12 16 1
 12 17 1
 12 18 1
 12 20 1
 12 21 1
 12 22 1
 12 23 1
 12 25 1
 12 27 1
 12 29 1
 12 30 1
 13 1 1
 13 4 1
 13 5 1
 13 12 1
 13 15 1
 13 17 1
 13 18 1
 13 20 1
 13 22 1
 13 25 1
 13 26 1
 13 27 1
 13 28 1
 13 29 1
 14 3 1
 14 5 1
 14 7 1
 14 8 1
 14 10 1
 14 11 1
 14 12 1
 14 13 1
 14 17 1
 14 18 1
 14 23 1
 14 24 1
 14 25 1
 14 27 1
 14 29 1
 15 2 1
 15 3 1
 15 4 1
 15 5 1
 15 6 1
 15 7 1
 15 8 1
 15 14 1
 15 16 1
 15 17 1
 15 18 1
 15 19 1
 15 20 1
 15 23 1
 15 24 1
 15 27 1
 15 28 1
 15 30 1
 16 1 1
 16 2 1
 16 4 1
 16 6 1
 16 7 1
 16 8 1
 16 9 1
 16 10 1
 16 13 1
 16 14 1
 16 15 1
 16 18 1
 16 21 1
 16 22 1
 16 24 1
 16 25 1
 16 27 1
 16 28 1
 16 30 1
 17 1 1
 17 2 1
 17 3 1
 17 5 1
 17 6 1
 17 8 1
 17 9 1
 17 10 1
 17 11 1
 17 12 1
 17 13 1
 17 15 1
 17 16 1
 17 19 1
 17 21 1
 17 22 1
 17 24 1
 17 26 1
 17 28 1
 17 29 1
 18 1 1
 18 5 1
 18 6 1
 18 7 1
 18 8 1
 18 9 1
 18 11 1
 18 15 1
 18 16 1
 18 17 1
 18 20 1
 18 21 1
 18 22 1
 18 23 1
 18 25 1
 18 26 1
 18 27 1
 18 28 1
 18 29 1
 19 3 1
 19 5 1
 19 7 1
 19 8 1
 19 10 1
 19 11 1
 19 12 1
 19 14 1
 19 15 1
 19 16 1
 19 18 1
 19 20 1
 19 22 1
 19 25 1
 19 26 1
 19 27 1
 19 28 1
 19 30 1
 20 2 1
 20 3 1
 20 4 1
 20 8 1
 20 9 1
 20 10 1
 20 12 1
 20 13 1
 20 14 1
 20 16 1
 20 17 1
 20 18 1
 20 19 1
 20 21 1
 20 24 1
 20 25 1
 20 27 1
 20 28 1
 20 30 1
 21 1 1
 21 2 1
 21 3 1
 21 6 1
 21 7 1
 21 11 1
 21 12 1
 21 13 1
 21 14 1
 21 18 1
 21 23 1
 21 24 1
 21 26 1
 21 27 1
 21 29 1
 22 2 1
 22 3 1
 22 5 1
 22 6 1
 22 10 1
 22 12 1
 22 13 1
 22 14 1
 22 17 1
 22 19 1
 22 21 1
 22 23 1
 22 28 1
 22 29 1
 22 30 1
 23 1 1
 23 2 1
 23 6 1
 23 9 1
 23 11 1
 23 14 1
 23 15 1
 23 17 1
 23 18 1
 23 20 1
 23 21 1
 23 22 1
 23 24 1
 23 25 1
 23 26 1
 23 28 1
 23 29 1
 24 4 1
 24 5 1
 24 6 1
 24 7 1
 24 8 1
 24 9 1
 24 12 1
 24 14 1
 24 16 1
 24 17 1
 24 18 1
 24 20 1
 24 21 1
 24 23 1
 24 25 1
 24 28 1
 25 2 1
 25 4 1
 25 10 1
 25 17 1
 25 18 1
 25 19 1
 25 21 1
 25 24 1
 25 27 1
 25 30 1
 26 1 1
 26 3 1
 26 4 1
 26 5 1
 26 6 1
 26 8 1
 26 13 1
 26 14 1
 26 15 1
 26 16 1
 26 21 1
 26 22 1
 26 25 1
 26 27 1
 26 29 1
 26 30 1
 27 1 1
 27 7 1
 27 9 1
 27 11 1
 27 12 1
 27 15 1
 27 24 1
 27 26 1
 27 28 1
 27 30 1
 28 1 1
 28 2 1
 28 5 1
 28 8 1
 28 9 1
 28 12 1
 28 13 1
 28 14 1
 28 18 1
 28 24 1
 28 25 1
 28 26 1
 28 29 1
 29 2 1
 29 3 1
 29 4 1
 29 6 1
 29 8 1
 29 9 1
 29 10 1
 29 14 1
 29 15 1
 29 16 1
 29 18 1
 29 20 1
 29 21 1
 29 22 1
 29 23 1
 29 24 1
 29 25 1
 29 26 1
 29 27 1
 29 28 1
 30 4 1
 30 5 1
 30 7 1
 30 8 1
 30 9 1
 30 10 1
 30 11 1
 30 12 1
 30 14 1
 30 15 1
 30 17 1
 30 18 1
 30 19 1
 30 21 1
 30 22 1
 30 23 1
 30 26 1
 30 27 1
 30 29 1


