# Created by Octave 4.2.2, Mon Dec 13 20:32:25 2021 CST <lqg@qiguanglin-LC1>
# name: Map
# type: matrix
# rows: 4802
# columns: 3
 1 3 1
 1 4 1
 1 5 1
 1 6 1
 1 7 1
 1 8 1
 1 11 1
 1 15 1
 1 16 1
 1 17 1
 1 18 1
 1 19 1
 1 20 1
 1 21 1
 1 22 1
 1 23 1
 1 24 1
 1 25 1
 1 26 1
 1 27 1
 1 28 1
 1 30 1
 1 32 1
 1 34 1
 1 35 1
 1 36 1
 1 37 1
 1 39 1
 1 40 1
 1 43 1
 1 44 1
 1 46 1
 1 47 1
 1 48 1
 1 49 1
 1 52 1
 1 53 1
 1 54 1
 1 55 1
 1 56 1
 1 57 1
 1 58 1
 1 59 1
 1 62 1
 1 63 1
 1 64 1
 1 65 1
 1 66 1
 1 67 1
 1 68 1
 1 72 1
 1 73 1
 1 74 1
 1 76 1
 1 78 1
 1 79 1
 1 80 1
 2 1 1
 2 3 1
 2 4 1
 2 5 1
 2 6 1
 2 7 1
 2 8 1
 2 9 1
 2 10 1
 2 11 1
 2 12 1
 2 13 1
 2 14 1
 2 15 1
 2 17 1
 2 18 1
 2 19 1
 2 20 1
 2 21 1
 2 22 1
 2 23 1
 2 25 1
 2 28 1
 2 29 1
 2 30 1
 2 32 1
 2 33 1
 2 34 1
 2 35 1
 2 36 1
 2 38 1
 2 41 1
 2 42 1
 2 44 1
 2 45 1
 2 46 1
 2 47 1
 2 48 1
 2 49 1
 2 50 1
 2 53 1
 2 55 1
 2 56 1
 2 57 1
 2 59 1
 2 60 1
 2 61 1
 2 62 1
 2 63 1
 2 64 1
 2 65 1
 2 66 1
 2 67 1
 2 68 1
 2 69 1
 2 71 1
 2 72 1
 2 74 1
 2 75 1
 2 76 1
 2 77 1
 2 78 1
 2 79 1
 2 80 1
 3 1 1
 3 2 1
 3 4 1
 3 6 1
 3 7 1
 3 10 1
 3 11 1
 3 12 1
 3 13 1
 3 15 1
 3 16 1
 3 17 1
 3 18 1
 3 20 1
 3 21 1
 3 22 1
 3 23 1
 3 24 1
 3 25 1
 3 27 1
 3 30 1
 3 31 1
 3 32 1
 3 33 1
 3 34 1
 3 36 1
 3 37 1
 3 38 1
 3 39 1
 3 41 1
 3 42 1
 3 45 1
 3 47 1
 3 49 1
 3 50 1
 3 51 1
 3 52 1
 3 53 1
 3 55 1
 3 56 1
 3 58 1
 3 59 1
 3 61 1
 3 62 1
 3 64 1
 3 66 1
 3 67 1
 3 68 1
 3 69 1
 3 71 1
 3 72 1
 3 73 1
 3 74 1
 3 75 1
 3 76 1
 3 78 1
 3 79 1
 3 80 1
 4 2 1
 4 3 1
 4 5 1
 4 7 1
 4 8 1
 4 11 1
 4 14 1
 4 15 1
 4 20 1
 4 21 1
 4 23 1
 4 25 1
 4 26 1
 4 27 1
 4 29 1
 4 30 1
 4 31 1
 4 33 1
 4 34 1
 4 36 1
 4 37 1
 4 38 1
 4 39 1
 4 40 1
 4 43 1
 4 44 1
 4 45 1
 4 46 1
 4 49 1
 4 50 1
 4 51 1
 4 52 1
 4 53 1
 4 55 1
 4 56 1
 4 57 1
 4 58 1
 4 60 1
 4 61 1
 4 63 1
 4 65 1
 4 66 1
 4 67 1
 4 69 1
 4 70 1
 4 71 1
 4 72 1
 4 73 1
 4 74 1
 4 75 1
 4 76 1
 4 78 1
 4 79 1
 4 80 1
 5 1 1
 5 2 1
 5 4 1
 5 6 1
 5 8 1
 5 10 1
 5 12 1
 5 14 1
 5 15 1
 5 17 1
 5 18 1
 5 20 1
 5 21 1
 5 22 1
 5 23 1
 5 24 1
 5 26 1
 5 31 1
 5 32 1
 5 33 1
 5 34 1
 5 35 1
 5 36 1
 5 37 1
 5 38 1
 5 39 1
 5 41 1
 5 42 1
 5 44 1
 5 45 1
 5 48 1
 5 49 1
 5 50 1
 5 53 1
 5 54 1
 5 55 1
 5 57 1
 5 58 1
 5 60 1
 5 62 1
 5 63 1
 5 64 1
 5 65 1
 5 66 1
 5 67 1
 5 68 1
 5 69 1
 5 70 1
 5 71 1
 5 73 1
 5 78 1
 5 80 1
 6 1 1
 6 3 1
 6 4 1
 6 5 1
 6 7 1
 6 8 1
 6 9 1
 6 10 1
 6 11 1
 6 13 1
 6 14 1
 6 15 1
 6 17 1
 6 19 1
 6 20 1
 6 23 1
 6 24 1
 6 25 1
 6 26 1
 6 27 1
 6 28 1
 6 29 1
 6 30 1
 6 31 1
 6 34 1
 6 35 1
 6 37 1
 6 39 1
 6 40 1
 6 41 1
 6 42 1
 6 44 1
 6 45 1
 6 47 1
 6 48 1
 6 50 1
 6 51 1
 6 52 1
 6 53 1
 6 54 1
 6 55 1
 6 56 1
 6 57 1
 6 58 1
 6 59 1
 6 60 1
 6 61 1
 6 62 1
 6 64 1
 6 65 1
 6 66 1
 6 67 1
 6 68 1
 6 69 1
 6 71 1
 6 72 1
 6 73 1
 6 74 1
 6 75 1
 6 76 1
 6 77 1
 6 78 1
 6 79 1
 6 80 1
 7 1 1
 7 2 1
 7 4 1
 7 6 1
 7 8 1
 7 10 1
 7 11 1
 7 13 1
 7 14 1
 7 17 1
 7 19 1
 7 21 1
 7 22 1
 7 23 1
 7 24 1
 7 25 1
 7 26 1
 7 27 1
 7 28 1
 7 30 1
 7 31 1
 7 32 1
 7 35 1
 7 36 1
 7 37 1
 7 38 1
 7 39 1
 7 40 1
 7 41 1
 7 42 1
 7 45 1
 7 46 1
 7 48 1
 7 49 1
 7 50 1
 7 51 1
 7 52 1
 7 53 1
 7 54 1
 7 55 1
 7 56 1
 7 57 1
 7 60 1
 7 61 1
 7 62 1
 7 63 1
 7 64 1
 7 65 1
 7 66 1
 7 67 1
 7 68 1
 7 69 1
 7 70 1
 7 71 1
 7 73 1
 7 75 1
 7 76 1
 7 77 1
 7 78 1
 7 79 1
 7 80 1
 8 1 1
 8 2 1
 8 3 1
 8 4 1
 8 5 1
 8 7 1
 8 9 1
 8 10 1
 8 12 1
 8 13 1
 8 14 1
 8 15 1
 8 16 1
 8 19 1
 8 20 1
 8 21 1
 8 22 1
 8 23 1
 8 24 1
 8 25 1
 8 26 1
 8 27 1
 8 30 1
 8 31 1
 8 32 1
 8 33 1
 8 34 1
 8 35 1
 8 37 1
 8 38 1
 8 39 1
 8 40 1
 8 41 1
 8 42 1
 8 43 1
 8 44 1
 8 46 1
 8 47 1
 8 50 1
 8 51 1
 8 52 1
 8 53 1
 8 54 1
 8 57 1
 8 58 1
 8 60 1
 8 61 1
 8 62 1
 8 63 1
 8 67 1
 8 68 1
 8 69 1
 8 70 1
 8 71 1
 8 72 1
 8 73 1
 8 74 1
 8 75 1
 8 76 1
 8 78 1
 8 79 1
 8 80 1
 9 1 1
 9 2 1
 9 3 1
 9 4 1
 9 5 1
 9 6 1
 9 7 1
 9 8 1
 9 11 1
 9 12 1
 9 13 1
 9 14 1
 9 15 1
 9 18 1
 9 19 1
 9 20 1
 9 21 1
 9 22 1
 9 23 1
 9 24 1
 9 25 1
 9 26 1
 9 27 1
 9 29 1
 9 31 1
 9 32 1
 9 33 1
 9 34 1
 9 35 1
 9 36 1
 9 37 1
 9 40 1
 9 41 1
 9 42 1
 9 43 1
 9 45 1
 9 48 1
 9 49 1
 9 50 1
 9 51 1
 9 52 1
 9 53 1
 9 54 1
 9 55 1
 9 59 1
 9 60 1
 9 61 1
 9 62 1
 9 63 1
 9 64 1
 9 65 1
 9 66 1
 9 67 1
 9 68 1
 9 69 1
 9 70 1
 9 71 1
 9 72 1
 9 73 1
 9 74 1
 9 75 1
 9 76 1
 9 77 1
 9 78 1
 9 79 1
 10 1 1
 10 2 1
 10 3 1
 10 4 1
 10 6 1
 10 7 1
 10 8 1
 10 9 1
 10 11 1
 10 13 1
 10 14 1
 10 15 1
 10 16 1
 10 17 1
 10 18 1
 10 19 1
 10 20 1
 10 21 1
 10 22 1
 10 23 1
 10 24 1
 10 25 1
 10 26 1
 10 27 1
 10 28 1
 10 29 1
 10 32 1
 10 33 1
 10 34 1
 10 35 1
 10 36 1
 10 37 1
 10 38 1
 10 40 1
 10 41 1
 10 42 1
 10 43 1
 10 44 1
 10 45 1
 10 46 1
 10 47 1
 10 49 1
 10 51 1
 10 53 1
 10 54 1
 10 55 1
 10 56 1
 10 57 1
 10 59 1
 10 60 1
 10 62 1
 10 63 1
 10 64 1
 10 65 1
 10 66 1
 10 69 1
 10 72 1
 10 73 1
 10 74 1
 10 75 1
 10 77 1
 11 1 1
 11 3 1
 11 4 1
 11 6 1
 11 8 1
 11 9 1
 11 10 1
 11 12 1
 11 13 1
 11 14 1
 11 15 1
 11 16 1
 11 17 1
 11 20 1
 11 21 1
 11 22 1
 11 23 1
 11 24 1
 11 25 1
 11 26 1
 11 27 1
 11 29 1
 11 30 1
 11 32 1
 11 33 1
 11 34 1
 11 36 1
 11 38 1
 11 39 1
 11 40 1
 11 41 1
 11 42 1
 11 44 1
 11 46 1
 11 47 1
 11 48 1
 11 49 1
 11 50 1
 11 51 1
 11 54 1
 11 55 1
 11 56 1
 11 57 1
 11 58 1
 11 59 1
 11 60 1
 11 61 1
 11 62 1
 11 63 1
 11 64 1
 11 65 1
 11 66 1
 11 67 1
 11 68 1
 11 69 1
 11 70 1
 11 71 1
 11 72 1
 11 73 1
 11 74 1
 11 75 1
 11 76 1
 11 78 1
 11 79 1
 12 1 1
 12 2 1
 12 4 1
 12 5 1
 12 7 1
 12 8 1
 12 10 1
 12 11 1
 12 13 1
 12 14 1
 12 15 1
 12 16 1
 12 17 1
 12 18 1
 12 19 1
 12 20 1
 12 21 1
 12 22 1
 12 23 1
 12 24 1
 12 29 1
 12 30 1
 12 31 1
 12 32 1
 12 33 1
 12 34 1
 12 35 1
 12 36 1
 12 37 1
 12 38 1
 12 40 1
 12 42 1
 12 43 1
 12 45 1
 12 48 1
 12 49 1
 12 50 1
 12 51 1
 12 53 1
 12 55 1
 12 56 1
 12 57 1
 12 58 1
 12 59 1
 12 61 1
 12 62 1
 12 63 1
 12 64 1
 12 65 1
 12 67 1
 12 69 1
 12 70 1
 12 72 1
 12 73 1
 12 76 1
 12 79 1
 12 80 1
 13 1 1
 13 2 1
 13 4 1
 13 5 1
 13 7 1
 13 8 1
 13 9 1
 13 10 1
 13 11 1
 13 12 1
 13 16 1
 13 17 1
 13 18 1
 13 19 1
 13 20 1
 13 21 1
 13 24 1
 13 25 1
 13 26 1
 13 27 1
 13 28 1
 13 29 1
 13 30 1
 13 32 1
 13 34 1
 13 35 1
 13 36 1
 13 37 1
 13 38 1
 13 40 1
 13 41 1
 13 42 1
 13 43 1
 13 45 1
 13 46 1
 13 47 1
 13 48 1
 13 49 1
 13 50 1
 13 52 1
 13 54 1
 13 55 1
 13 57 1
 13 58 1
 13 61 1
 13 62 1
 13 63 1
 13 64 1
 13 66 1
 13 67 1
 13 68 1
 13 69 1
 13 70 1
 13 71 1
 13 72 1
 13 74 1
 13 75 1
 13 77 1
 13 78 1
 13 80 1
 14 1 1
 14 2 1
 14 4 1
 14 5 1
 14 7 1
 14 10 1
 14 11 1
 14 13 1
 14 16 1
 14 18 1
 14 19 1
 14 20 1
 14 21 1
 14 22 1
 14 23 1
 14 24 1
 14 25 1
 14 27 1
 14 30 1
 14 31 1
 14 32 1
 14 33 1
 14 34 1
 14 35 1
 14 36 1
 14 38 1
 14 40 1
 14 41 1
 14 42 1
 14 43 1
 14 44 1
 14 45 1
 14 46 1
 14 47 1
 14 49 1
 14 50 1
 14 51 1
 14 53 1
 14 54 1
 14 55 1
 14 56 1
 14 57 1
 14 58 1
 14 61 1
 14 62 1
 14 63 1
 14 64 1
 14 65 1
 14 66 1
 14 67 1
 14 68 1
 14 69 1
 14 70 1
 14 74 1
 14 75 1
 14 76 1
 14 78 1
 14 80 1
 15 1 1
 15 2 1
 15 3 1
 15 4 1
 15 5 1
 15 6 1
 15 7 1
 15 8 1
 15 10 1
 15 11 1
 15 12 1
 15 13 1
 15 14 1
 15 18 1
 15 20 1
 15 21 1
 15 22 1
 15 23 1
 15 24 1
 15 25 1
 15 26 1
 15 27 1
 15 28 1
 15 29 1
 15 30 1
 15 31 1
 15 32 1
 15 33 1
 15 35 1
 15 36 1
 15 37 1
 15 38 1
 15 39 1
 15 40 1
 15 41 1
 15 42 1
 15 43 1
 15 44 1
 15 45 1
 15 47 1
 15 48 1
 15 49 1
 15 50 1
 15 51 1
 15 52 1
 15 53 1
 15 54 1
 15 55 1
 15 58 1
 15 59 1
 15 60 1
 15 61 1
 15 62 1
 15 65 1
 15 66 1
 15 67 1
 15 69 1
 15 71 1
 15 72 1
 15 74 1
 15 75 1
 15 76 1
 15 77 1
 15 78 1
 15 80 1
 16 1 1
 16 2 1
 16 3 1
 16 4 1
 16 7 1
 16 8 1
 16 9 1
 16 11 1
 16 12 1
 16 14 1
 16 15 1
 16 17 1
 16 19 1
 16 20 1
 16 21 1
 16 22 1
 16 23 1
 16 24 1
 16 25 1
 16 26 1
 16 27 1
 16 28 1
 16 29 1
 16 30 1
 16 31 1
 16 32 1
 16 35 1
 16 36 1
 16 37 1
 16 40 1
 16 41 1
 16 43 1
 16 45 1
 16 46 1
 16 47 1
 16 48 1
 16 50 1
 16 51 1
 16 53 1
 16 54 1
 16 55 1
 16 56 1
 16 57 1
