# Created by Octave 4.2.2, Mon Dec 13 20:30:25 2021 CST <lqg@qiguanglin-LC1>
# name: Map
# type: matrix
# rows: 212
# columns: 3
 1 2 1
 1 3 1
 1 5 1
 1 6 1
 1 7 1
 1 8 1
 1 13 1
 1 14 1
 1 15 1
 1 16 1
 1 17 1
 1 18 1
 1 20 1
 2 1 1
 2 3 1
 2 4 1
 2 5 1
 2 6 1
 2 7 1
 2 9 1
 2 10 1
 2 13 1
 2 15 1
 2 17 1
 2 18 1
 2 19 1
 3 1 1
 3 2 1
 3 4 1
 3 8 1
 3 11 1
 3 12 1
 3 16 1
 3 17 1
 3 19 1
 3 20 1
 4 1 1
 4 2 1
 4 3 1
 4 7 1
 4 10 1
 4 13 1
 4 14 1
 4 15 1
 4 17 1
 4 18 1
 4 19 1
 4 20 1
 5 3 1
 5 4 1
 5 7 1
 5 8 1
 5 12 1
 5 13 1
 5 16 1
 5 17 1
 5 18 1
 5 20 1
 6 3 1
 6 4 1
 6 5 1
 6 7 1
 6 8 1
 6 9 1
 6 10 1
 6 11 1
 6 12 1
 6 13 1
 6 15 1
 6 16 1
 6 17 1
 6 18 1
 7 3 1
 7 4 1
 7 8 1
 7 9 1
 7 10 1
 7 12 1
 7 13 1
 7 15 1
 7 18 1
 8 2 1
 8 9 1
 8 10 1
 8 13 1
 8 15 1
 8 16 1
 8 19 1
 9 1 1
 9 2 1
 9 4 1
 9 7 1
 9 13 1
 9 14 1
 9 15 1
 9 19 1
 9 20 1
 10 4 1
 10 5 1
 10 6 1
 10 8 1
 10 11 1
 10 13 1
 10 15 1
 10 19 1
 10 20 1
 11 1 1
 11 3 1
 11 4 1
 11 5 1
 11 8 1
 11 9 1
 11 10 1
 11 14 1
 11 17 1
 11 19 1
 11 20 1
 12 3 1
 12 4 1
 12 5 1
 12 7 1
 12 9 1
 12 10 1
 12 11 1
 12 15 1
 12 17 1
 12 19 1
 13 1 1
 13 3 1
 13 5 1
 13 6 1
 13 8 1
 13 9 1
 13 12 1
 13 14 1
 13 15 1
 13 17 1
 13 19 1
 13 20 1
 14 2 1
 14 3 1
 14 4 1
 14 5 1
 14 9 1
 14 11 1
 14 12 1
 14 13 1
 14 15 1
 14 19 1
 15 1 1
 15 2 1
 15 3 1
 15 5 1
 15 7 1
 15 8 1
 15 9 1
 15 12 1
 15 13 1
 15 14 1
 15 16 1
 15 19 1
 16 8 1
 16 11 1
 16 12 1
 16 13 1
 16 14 1
 16 15 1
 16 17 1
 16 18 1
 16 19 1
 16 20 1
 17 1 1
 17 3 1
 17 6 1
 17 8 1
 17 9 1
 17 10 1
 17 12 1
 17 13 1
 17 14 1
 17 16 1
 17 18 1
 18 2 1
 18 6 1
 18 9 1
 18 10 1
 18 11 1
 18 12 1
 18 14 1
 18 15 1
 18 16 1
 18 19 1
 18 20 1
 19 2 1
 19 5 1
 19 7 1
 19 10 1
 19 11 1
 19 15 1
 19 17 1
 19 18 1
 20 2 1
 20 3 1
 20 4 1
 20 7 1
 20 8 1
 20 9 1
 20 10 1
 20 11 1
 20 12 1
 20 13 1
 20 17 1


