# Created by Octave 4.2.2, Mon Dec 13 20:30:24 2021 CST <lqg@qiguanglin-LC1>
# name: Map
# type: matrix
# rows: 223
# columns: 3
 1 3 1
 1 5 1
 1 6 1
 1 8 1
 1 9 1
 1 11 1
 1 12 1
 1 14 1
 1 17 1
 1 19 1
 2 1 1
 2 5 1
 2 8 1
 2 10 1
 2 12 1
 2 14 1
 2 15 1
 2 16 1
 2 17 1
 2 20 1
 3 2 1
 3 4 1
 3 6 1
 3 11 1
 3 12 1
 3 14 1
 3 15 1
 3 16 1
 3 17 1
 3 18 1
 3 19 1
 3 20 1
 4 2 1
 4 3 1
 4 6 1
 4 10 1
 4 11 1
 4 12 1
 4 14 1
 4 19 1
 4 20 1
 5 1 1
 5 3 1
 5 6 1
 5 7 1
 5 9 1
 5 10 1
 5 12 1
 5 13 1
 5 14 1
 5 16 1
 5 20 1
 6 1 1
 6 3 1
 6 4 1
 6 5 1
 6 7 1
 6 8 1
 6 9 1
 6 11 1
 6 12 1
 6 13 1
 6 14 1
 6 15 1
 6 19 1
 7 1 1
 7 2 1
 7 8 1
 7 11 1
 7 12 1
 7 16 1
 7 17 1
 7 18 1
 7 19 1
 8 1 1
 8 2 1
 8 3 1
 8 10 1
 8 11 1
 8 12 1
 8 13 1
 8 15 1
 8 16 1
 8 17 1
 8 18 1
 8 19 1
 8 20 1
 9 1 1
 9 2 1
 9 3 1
 9 6 1
 9 8 1
 9 10 1
 9 11 1
 9 13 1
 9 14 1
 9 15 1
 9 16 1
 9 18 1
 9 19 1
 9 20 1
 10 1 1
 10 2 1
 10 3 1
 10 7 1
 10 8 1
 10 9 1
 10 12 1
 10 13 1
 10 14 1
 10 16 1
 10 18 1
 11 1 1
 11 3 1
 11 4 1
 11 6 1
 11 7 1
 11 8 1
 11 9 1
 11 12 1
 11 13 1
 11 15 1
 11 17 1
 11 18 1
 11 19 1
 11 20 1
 12 1 1
 12 2 1
 12 3 1
 12 4 1
 12 7 1
 12 9 1
 12 11 1
 12 13 1
 12 14 1
 12 18 1
 13 3 1
 13 4 1
 13 6 1
 13 9 1
 13 10 1
 13 12 1
 13 14 1
 13 15 1
 13 17 1
 14 1 1
 14 2 1
 14 4 1
 14 5 1
 14 7 1
 14 8 1
 14 13 1
 14 15 1
 14 19 1
 15 1 1
 15 2 1
 15 3 1
 15 7 1
 15 11 1
 15 16 1
 15 17 1
 15 18 1
 15 19 1
 16 1 1
 16 3 1
 16 5 1
 16 7 1
 16 10 1
 16 13 1
 16 14 1
 16 18 1
 16 19 1
 17 1 1
 17 2 1
 17 3 1
 17 4 1
 17 6 1
 17 7 1
 17 9 1
 17 10 1
 17 11 1
 17 13 1
 17 14 1
 17 16 1
 17 19 1
 17 20 1
 18 2 1
 18 3 1
 18 4 1
 18 5 1
 18 6 1
 18 7 1
 18 8 1
 18 10 1
 18 12 1
 18 13 1
 18 16 1
 18 17 1
 18 20 1
 19 1 1
 19 3 1
 19 4 1
 19 5 1
 19 6 1
 19 7 1
 19 8 1
 19 10 1
 19 13 1
 19 17 1
 19 18 1
 19 20 1
 20 1 1
 20 2 1
 20 3 1
 20 4 1
 20 6 1
 20 7 1
 20 11 1
 20 12 1
 20 15 1
 20 16 1
 20 17 1
 20 19 1


