# Created by Octave 4.2.2, Mon Dec 13 20:30:26 2021 CST <lqg@qiguanglin-LC1>
# name: Map
# type: matrix
# rows: 522
# columns: 3
 1 2 1
 1 5 1
 1 6 1
 1 9 1
 1 12 1
 1 13 1
 1 15 1
 1 16 1
 1 19 1
 1 20 1
 1 21 1
 1 22 1
 1 24 1
 1 25 1
 1 26 1
 1 29 1
 2 3 1
 2 4 1
 2 5 1
 2 6 1
 2 7 1
 2 8 1
 2 10 1
 2 11 1
 2 12 1
 2 14 1
 2 16 1
 2 19 1
 2 20 1
 2 22 1
 2 23 1
 2 24 1
 2 25 1
 2 27 1
 2 29 1
 2 30 1
 3 1 1
 3 2 1
 3 5 1
 3 7 1
 3 8 1
 3 9 1
 3 10 1
 3 11 1
 3 16 1
 3 17 1
 3 19 1
 3 23 1
 3 24 1
 3 25 1
 3 26 1
 3 28 1
 3 29 1
 3 30 1
 4 5 1
 4 6 1
 4 7 1
 4 8 1
 4 9 1
 4 10 1
 4 11 1
 4 13 1
 4 14 1
 4 15 1
 4 18 1
 4 19 1
 4 20 1
 4 21 1
 4 22 1
 4 24 1
 4 25 1
 4 26 1
 4 28 1
 4 29 1
 5 4 1
 5 7 1
 5 8 1
 5 9 1
 5 12 1
 5 14 1
 5 16 1
 5 17 1
 5 18 1
 5 22 1
 5 24 1
 5 25 1
 5 26 1
 5 27 1
 5 29 1
 5 30 1
 6 1 1
 6 2 1
 6 3 1
 6 9 1
 6 11 1
 6 13 1
 6 15 1
 6 16 1
 6 17 1
 6 18 1
 6 20 1
 6 22 1
 6 23 1
 6 24 1
 6 25 1
 6 27 1
 6 28 1
 7 2 1
 7 3 1
 7 6 1
 7 8 1
 7 9 1
 7 10 1
 7 11 1
 7 12 1
 7 13 1
 7 14 1
 7 15 1
 7 16 1
 7 18 1
 7 19 1
 7 20 1
 7 21 1
 7 22 1
 7 23 1
 7 24 1
 7 26 1
 7 27 1
 7 29 1
 7 30 1
 8 1 1
 8 3 1
 8 4 1
 8 5 1
 8 7 1
 8 10 1
 8 12 1
 8 13 1
 8 15 1
 8 16 1
 8 17 1
 8 18 1
 8 19 1
 8 20 1
 8 21 1
 8 24 1
 8 25 1
 8 26 1
 8 27 1
 8 28 1
 8 29 1
 8 30 1
 9 2 1
 9 3 1
 9 4 1
 9 6 1
 9 8 1
 9 10 1
 9 12 1
 9 13 1
 9 14 1
 9 15 1
 9 16 1
 9 17 1
 9 18 1
 9 19 1
 9 20 1
 9 21 1
 9 23 1
 9 24 1
 9 28 1
 9 30 1
 10 2 1
 10 5 1
 10 7 1
 10 8 1
 10 9 1
 10 11 1
 10 12 1
 10 16 1
 10 17 1
 10 18 1
 10 20 1
 10 21 1
 10 22 1
 10 23 1
 10 25 1
 10 27 1
 10 28 1
 10 29 1
 10 30 1
 11 5 1
 11 6 1
 11 7 1
 11 8 1
 11 13 1
 11 14 1
 11 15 1
 11 16 1
 11 17 1
 11 19 1
 11 20 1
 11 21 1
 11 22 1
 11 27 1
 11 29 1
 12 1 1
 12 2 1
 12 5 1
 12 9 1
 12 10 1
 12 13 1
 12 15 1
 12 16 1
 12 20 1
 12 21 1
 12 22 1
 12 24 1
 12 25 1
 12 26 1
 12 27 1
 12 28 1
 12 29 1
 12 30 1
 13 3 1
 13 4 1
 13 8 1
 13 9 1
 13 10 1
 13 11 1
 13 15 1
 13 17 1
 13 19 1
 13 21 1
 13 25 1
 13 28 1
 14 1 1
 14 3 1
 14 6 1
 14 7 1
 14 10 1
 14 12 1
 14 15 1
 14 16 1
 14 17 1
 14 19 1
 14 20 1
 14 21 1
 14 23 1
 14 24 1
 14 25 1
 14 26 1
 14 27 1
 14 28 1
 14 29 1
 14 30 1
 15 1 1
 15 2 1
 15 4 1
 15 5 1
 15 7 1
 15 9 1
 15 11 1
 15 12 1
 15 13 1
 15 14 1
 15 16 1
 15 17 1
 15 18 1
 15 19 1
 15 21 1
 15 22 1
 15 24 1
 15 25 1
 15 27 1
 15 28 1
 15 29 1
 15 30 1
 16 1 1
 16 2 1
 16 3 1
 16 4 1
 16 5 1
 16 6 1
 16 7 1
 16 8 1
 16 12 1
 16 15 1
 16 19 1
 16 20 1
 16 21 1
 16 22 1
 16 23 1
 16 25 1
 16 26 1
 16 27 1
 16 28 1
 17 2 1
 17 3 1
 17 8 1
 17 10 1
 17 11 1
 17 12 1
 17 13 1
 17 14 1
 17 16 1
 17 18 1
 17 19 1
 17 20 1
 17 21 1
 17 27 1
 17 29 1
 18 1 1
 18 2 1
 18 3 1
 18 4 1
 18 5 1
 18 7 1
 18 11 1
 18 13 1
 18 15 1
 18 16 1
 18 21 1
 18 22 1
 18 24 1
 18 26 1
 18 27 1
 18 30 1
 19 1 1
 19 2 1
 19 3 1
 19 4 1
 19 6 1
 19 7 1
 19 8 1
 19 9 1
 19 12 1
 19 13 1
 19 15 1
 19 16 1
 19 17 1
 19 18 1
 19 21 1
 19 23 1
 19 26 1
 19 27 1
 19 28 1
 19 29 1
 20 1 1
 20 3 1
 20 7 1
 20 8 1
 20 10 1
 20 11 1
 20 12 1
 20 13 1
 20 16 1
 20 18 1
 20 19 1
 20 22 1
 20 23 1
 20 27 1
 20 28 1
 20 29 1
 21 4 1
 21 6 1
 21 7 1
 21 8 1
 21 9 1
 21 10 1
 21 14 1
 21 16 1
 21 17 1
 21 20 1
 21 25 1
 21 27 1
 21 28 1
 22 2 1
 22 3 1
 22 5 1
 22 6 1
 22 9 1
 22 12 1
 22 13 1
 22 14 1
 22 15 1
 22 17 1
 22 19 1
 22 20 1
 22 21 1
 22 24 1
 22 25 1
 22 30 1
 23 2 1
 23 5 1
 23 8 1
 23 9 1
 23 13 1
 23 15 1
 23 16 1
 23 18 1
 23 19 1
 23 20 1
 23 21 1
 23 22 1
 23 24 1
 23 25 1
 23 27 1
 23 28 1
 23 29 1
 24 1 1
 24 2 1
 24 5 1
 24 7 1
 24 8 1
 24 14 1
 24 15 1
 24 16 1
 24 20 1
 24 23 1
 24 29 1
 25 1 1
 25 3 1
 25 6 1
 25 8 1
 25 12 1
 25 13 1
 25 14 1
 25 15 1
 25 16 1
 25 18 1
 25 19 1
 25 20 1
 25 21 1
 25 23 1
 25 24 1
 25 26 1
 25 28 1
 25 29 1
 25 30 1
 26 1 1
 26 2 1
 26 7 1
 26 8 1
 26 11 1
 26 12 1
 26 13 1
 26 14 1
 26 16 1
 26 18 1
 26 19 1
 26 20 1
 26 22 1
 26 23 1
 26 25 1
 26 27 1
 26 29 1
 26 30 1
 27 5 1
 27 6 1
 27 7 1
 27 8 1
 27 9 1
 27 10 1
 27 11 1
 27 12 1
 27 14 1
 27 18 1
 27 22 1
 27 23 1
 27 28 1
 27 29 1
 27 30 1
 28 1 1
 28 2 1
 28 3 1
 28 5 1
 28 7 1
 28 8 1
 28 9 1
 28 13 1
 28 18 1
 28 20 1
 28 21 1
 28 22 1
 28 23 1
 28 27 1
 28 30 1
 29 2 1
 29 3 1
 29 4 1
 29 5 1
 29 8 1
 29 9 1
 29 10 1
 29 11 1
 29 14 1
 29 16 1
 29 18 1
 29 19 1
 29 26 1
 29 28 1
 30 1 1
 30 2 1
 30 3 1
 30 4 1
 30 5 1
 30 6 1
 30 7 1
 30 9 1
 30 11 1
 30 12 1
 30 13 1
 30 14 1
 30 15 1
 30 18 1
 30 19 1
 30 23 1
 30 24 1
 30 25 1
 30 26 1
 30 29 1


