# Created by Octave 4.2.2, Mon Dec 13 20:30:23 2021 CST <lqg@qiguanglin-LC1>
# name: Map
# type: matrix
# rows: 51
# columns: 3
 1 2 1
 1 3 1
 1 5 1
 1 6 1
 1 7 1
 1 9 1
 2 3 1
 2 4 1
 2 5 1
 2 6 1
 2 7 1
 2 9 1
 3 1 1
 3 4 1
 3 5 1
 3 9 1
 3 10 1
 4 3 1
 4 5 1
 4 6 1
 4 7 1
 4 8 1
 4 9 1
 4 10 1
 5 4 1
 5 6 1
 5 7 1
 5 8 1
 6 4 1
 6 5 1
 6 8 1
 7 2 1
 7 3 1
 7 4 1
 7 5 1
 7 6 1
 8 2 1
 8 3 1
 8 4 1
 8 5 1
 8 6 1
 8 7 1
 8 9 1
 8 10 1
 9 2 1
 9 3 1
 9 10 1
 10 2 1
 10 6 1
 10 7 1
 10 9 1


