# Created by Octave 4.2.2, Mon Dec 13 20:30:48 2021 CST <lqg@qiguanglin-LC1>
# name: Map
# type: matrix
# rows: 1419
# columns: 3
 1 4 1
 1 7 1
 1 8 1
 1 11 1
 1 15 1
 1 16 1
 1 17 1
 1 18 1
 1 19 1
 1 26 1
 1 30 1
 1 31 1
 1 32 1
 1 33 1
 1 34 1
 1 37 1
 1 38 1
 1 39 1
 1 40 1
 1 41 1
 1 42 1
 1 43 1
 1 44 1
 1 45 1
 1 47 1
 2 3 1
 2 4 1
 2 5 1
 2 10 1
 2 11 1
 2 12 1
 2 17 1
 2 18 1
 2 19 1
 2 23 1
 2 24 1
 2 27 1
 2 28 1
 2 29 1
 2 31 1
 2 35 1
 2 36 1
 2 39 1
 2 40 1
 2 41 1
 2 42 1
 2 44 1
 2 46 1
 2 47 1
 2 48 1
 3 1 1
 3 4 1
 3 6 1
 3 9 1
 3 10 1
 3 15 1
 3 17 1
 3 18 1
 3 19 1
 3 21 1
 3 22 1
 3 24 1
 3 25 1
 3 26 1
 3 27 1
 3 28 1
 3 30 1
 3 32 1
 3 33 1
 3 34 1
 3 36 1
 3 37 1
 3 38 1
 3 39 1
 3 40 1
 3 41 1
 3 42 1
 3 43 1
 3 44 1
 3 47 1
 4 2 1
 4 6 1
 4 7 1
 4 9 1
 4 10 1
 4 11 1
 4 13 1
 4 16 1
 4 17 1
 4 18 1
 4 20 1
 4 21 1
 4 22 1
 4 23 1
 4 27 1
 4 30 1
 4 31 1
 4 33 1
 4 34 1
 4 36 1
 4 37 1
 4 38 1
 4 39 1
 4 40 1
 4 41 1
 4 42 1
 4 44 1
 4 45 1
 4 46 1
 4 49 1
 5 1 1
 5 3 1
 5 6 1
 5 7 1
 5 9 1
 5 10 1
 5 13 1
 5 14 1
 5 15 1
 5 16 1
 5 18 1
 5 19 1
 5 22 1
 5 25 1
 5 26 1
 5 28 1
 5 29 1
 5 31 1
 5 33 1
 5 34 1
 5 35 1
 5 37 1
 5 41 1
 5 43 1
 5 45 1
 5 46 1
 5 47 1
 5 49 1
 6 1 1
 6 2 1
 6 4 1
 6 5 1
 6 10 1
 6 13 1
 6 14 1
 6 17 1
 6 18 1
 6 19 1
 6 20 1
 6 22 1
 6 24 1
 6 25 1
 6 27 1
 6 28 1
 6 30 1
 6 31 1
 6 33 1
 6 34 1
 6 36 1
 6 37 1
 6 39 1
 6 40 1
 6 42 1
 6 48 1
 6 50 1
 7 2 1
 7 3 1
 7 4 1
 7 5 1
 7 8 1
 7 9 1
 7 10 1
 7 11 1
 7 13 1
 7 14 1
 7 16 1
 7 18 1
 7 19 1
 7 20 1
 7 22 1
 7 23 1
 7 24 1
 7 25 1
 7 29 1
 7 30 1
 7 32 1
 7 35 1
 7 36 1
 7 37 1
 7 41 1
 7 42 1
 7 47 1
 7 49 1
 7 50 1
 8 2 1
 8 4 1
 8 5 1
 8 6 1
 8 7 1
 8 9 1
 8 11 1
 8 12 1
 8 14 1
 8 15 1
 8 18 1
 8 19 1
 8 20 1
 8 21 1
 8 23 1
 8 24 1
 8 30 1
 8 32 1
 8 36 1
 8 37 1
 8 38 1
 8 39 1
 8 40 1
 8 41 1
 8 43 1
 8 44 1
 8 45 1
 8 46 1
 8 47 1
 8 49 1
 8 50 1
 9 1 1
 9 2 1
 9 3 1
 9 4 1
 9 7 1
 9 14 1
 9 15 1
 9 16 1
 9 18 1
 9 21 1
 9 22 1
 9 23 1
 9 24 1
 9 26 1
 9 27 1
 9 31 1
 9 32 1
 9 35 1
 9 40 1
 9 41 1
 9 42 1
 9 43 1
 9 46 1
 9 47 1
 9 48 1
 9 49 1
 9 50 1
 10 2 1
 10 3 1
 10 8 1
 10 9 1
 10 11 1
 10 12 1
 10 13 1
 10 15 1
 10 16 1
 10 17 1
 10 19 1
 10 20 1
 10 21 1
 10 22 1
 10 25 1
 10 26 1
 10 29 1
 10 30 1
 10 33 1
 10 34 1
 10 35 1
 10 36 1
 10 37 1
 10 40 1
 10 42 1
 10 44 1
 10 50 1
 11 1 1
 11 3 1
 11 5 1
 11 7 1
 11 8 1
 11 10 1
 11 13 1
 11 15 1
 11 16 1
 11 17 1
 11 18 1
 11 19 1
 11 23 1
 11 24 1
 11 26 1
 11 27 1
 11 28 1
 11 29 1
 11 31 1
 11 32 1
 11 33 1
 11 34 1
 11 36 1
 11 37 1
 11 39 1
 11 40 1
 11 42 1
 11 44 1
 11 48 1
 11 49 1
 11 50 1
 12 1 1
 12 2 1
 12 7 1
 12 9 1
 12 10 1
 12 11 1
 12 13 1
 12 14 1
 12 18 1
 12 22 1
 12 25 1
 12 26 1
 12 28 1
 12 29 1
 12 31 1
 12 32 1
 12 34 1
 12 35 1
 12 36 1
 12 38 1
 12 40 1
 12 41 1
 12 43 1
 12 44 1
 12 45 1
 12 47 1
 12 48 1
 12 49 1
 13 1 1
 13 2 1
 13 3 1
 13 4 1
 13 5 1
 13 6 1
 13 9 1
 13 11 1
 13 12 1
 13 16 1
 13 18 1
 13 20 1
 13 21 1
 13 23 1
 13 29 1
 13 31 1
 13 32 1
 13 33 1
 13 34 1
 13 35 1
 13 37 1
 13 38 1
 13 39 1
 13 42 1
 13 43 1
 13 44 1
 13 46 1
 13 47 1
 13 48 1
 13 49 1
 13 50 1
 14 3 1
 14 4 1
 14 5 1
 14 6 1
 14 10 1
 14 11 1
 14 12 1
 14 15 1
 14 16 1
 14 21 1
 14 22 1
 14 24 1
 14 25 1
 14 28 1
 14 30 1
 14 31 1
 14 33 1
 14 34 1
 14 36 1
 14 37 1
 14 40 1
 14 41 1
 14 42 1
 14 45 1
 14 48 1
 14 49 1
 14 50 1
 15 1 1
 15 2 1
 15 4 1
 15 5 1
 15 6 1
 15 8 1
 15 9 1
 15 12 1
 15 13 1
 15 14 1
 15 17 1
 15 18 1
 15 19 1
 15 20 1
 15 21 1
 15 22 1
 15 23 1
 15 24 1
 15 29 1
 15 30 1
 15 31 1
 15 33 1
 15 34 1
 15 35 1
 15 36 1
 15 37 1
 15 39 1
 15 40 1
 15 42 1
 15 43 1
 15 45 1
 15 48 1
 15 49 1
 16 3 1
 16 5 1
 16 7 1
 16 8 1
 16 9 1
 16 14 1
 16 17 1
 16 21 1
 16 26 1
 16 27 1
 16 28 1
 16 31 1
 16 32 1
 16 33 1
 16 34 1
 16 35 1
 16 36 1
 16 37 1
 16 39 1
 16 40 1
 16 41 1
 16 42 1
 16 45 1
 16 47 1
 16 48 1
 16 49 1
 17 1 1
 17 2 1
 17 4 1
 17 7 1
 17 8 1
 17 9 1
 17 10 1
 17 12 1
 17 13 1
 17 15 1
 17 16 1
 17 20 1
 17 25 1
 17 26 1
 17 27 1
 17 29 1
 17 30 1
 17 31 1
 17 33 1
 17 34 1
 17 39 1
 17 40 1
 17 41 1
 17 42 1
 17 44 1
 17 48 1
 17 49 1
 17 50 1
 18 3 1
 18 4 1
 18 6 1
 18 7 1
 18 9 1
 18 10 1
 18 13 1
 18 15 1
 18 20 1
 18 21 1
 18 23 1
 18 25 1
 18 26 1
 18 30 1
 18 31 1
 18 32 1
 18 33 1
 18 34 1
 18 35 1
 18 39 1
 18 40 1
 18 42 1
 18 45 1
 18 47 1
 18 49 1
 19 1 1
 19 4 1
 19 5 1
 19 9 1
 19 10 1
 19 11 1
 19 12 1
 19 15 1
 19 17 1
 19 18 1
 19 20 1
 19 21 1
 19 22 1
 19 23 1
 19 25 1
 19 28 1
 19 29 1
 19 30 1
 19 31 1
 19 32 1
 19 33 1
 19 34 1
 19 37 1
 19 39 1
 19 41 1
 19 42 1
 19 43 1
 19 47 1
 19 50 1
 20 1 1
 20 2 1
 20 3 1
 20 9 1
 20 10 1
 20 12 1
 20 14 1
 20 15 1
 20 22 1
 20 23 1
 20 24 1
 20 26 1
 20 28 1
 20 30 1
 20 31 1
 20 32 1
 20 33 1
 20 34 1
 20 35 1
 20 39 1
 20 40 1
 20 41 1
 20 43 1
 20 45 1
 20 46 1
 20 48 1
 21 6 1
 21 7 1
 21 8 1
 21 9 1
 21 10 1
 21 12 1
 21 14 1
 21 16 1
 21 17 1
 21 19 1
 21 23 1
 21 24 1
 21 26 1
 21 27 1
 21 28 1
 21 30 1
 21 33 1
 21 36 1
 21 37 1
 21 38 1
 21 39 1
 21 41 1
 21 42 1
 21 43 1
 21 44 1
 21 46 1
 21 47 1
 21 49 1
 21 50 1
 22 2 1
 22 3 1
 22 5 1
 22 6 1
 22 7 1
 22 8 1
 22 9 1
 22 10 1
 22 11 1
 22 13 1
 22 14 1
 22 15 1
 22 18 1
 22 19 1
 22 24 1
 22 25 1
 22 26 1
 22 28 1
 22 30 1
 22 32 1
 22 33 1
 22 34 1
 22 37 1
 22 39 1
 22 42 1
 22 45 1
 22 46 1
 22 48 1
 22 49 1
 23 2 1
 23 4 1
 23 5 1
 23 10 1
 23 13 1
 23 14 1
 23 15 1
 23 16 1
 23 17 1
 23 18 1
 23 19 1
 23 20 1
 23 21 1
 23 24 1
 23 25 1
 23 26 1
 23 27 1
 23 28 1
 23 32 1
 23 37 1
 23 38 1
 23 39 1
 23 41 1
 23 42 1
 23 43 1
 23 44 1
 23 45 1
 23 48 1
 23 49 1
 23 50 1
 24 3 1
 24 4 1
 24 5 1
 24 6 1
 24 7 1
 24 8 1
 24 9 1
 24 11 1
 24 12 1
 24 15 1
 24 16 1
 24 19 1
 24 20 1
 24 21 1
 24 22 1
 24 25 1
 24 28 1
 24 29 1
 24 31 1
 24 34 1
 24 35 1
 24 38 1
 24 40 1
 24 43 1
 24 48 1
 24 49 1
 25 2 1
 25 3 1
 25 6 1
 25 7 1
 25 8 1
 25 9 1
 25 10 1
 25 11 1
 25 13 1
 25 14 1
 25 17 1
 25 18 1
 25 20 1
 25 21 1
 25 22 1
 25 24 1
 25 27 1
 25 28 1
 25 29 1
 25 30 1
 25 32 1
 25 33 1
 25 35 1
 25 36 1
 25 39 1
 25 43 1
 25 44 1
 25 46 1
 25 47 1
 26 1 1
 26 2 1
 26 3 1
 26 5 1
 26 8 1
 26 9 1
 26 10 1
 26 12 1
 26 13 1
 26 14 1
 26 18 1
 26 20 1
 26 21 1
 26 23 1
 26 25 1
 26 28 1
 26 29 1
 26 32 1
 26 33 1
 26 36 1
 26 38 1
 26 39 1
 26 41 1
 26 44 1
 26 46 1
 26 49 1
 26 50 1
 27 5 1
 27 6 1
 27 9 1
 27 10 1
 27 11 1
 27 12 1
 27 15 1
 27 17 1
 27 18 1
 27 20 1
 27 21 1
 27 22 1
 27 23 1
 27 24 1
 27 25 1
 27 26 1
 27 28 1
 27 31 1
 27 32 1
 27 33 1
 27 34 1
 27 37 1
 27 39 1
 27 40 1
 27 41 1
 27 45 1
 28 1 1
 28 2 1
 28 5 1
 28 6 1
 28 7 1
 28 8 1
 28 9 1
 28 10 1
 28 12 1
 28 13 1
 28 14 1
 28 18 1
 28 19 1
 28 20 1
 28 21 1
 28 22 1
 28 24 1
 28 27 1
 28 29 1
 28 31 1
 28 34 1
 28 37 1
 28 40 1
 28 41 1
 28 43 1
 28 45 1
 28 46 1
 28 47 1
 28 48 1
 28 50 1
 29 1 1
 29 2 1
 29 5 1
 29 6 1
 29 9 1
 29 11 1
 29 13 1
 29 15 1
 29 16 1
 29 18 1
 29 19 1
 29 22 1
 29 23 1
 29 24 1
 29 25 1
 29 27 1
 29 30 1
 29 33 1
 29 35 1
 29 36 1
 29 37 1
 29 38 1
 29 39 1
 29 41 1
 29 42 1
 29 43 1
 29 44 1
 29 45 1
 29 46 1
 29 47 1
 29 48 1
 29 49 1
 30 1 1
 30 5 1
 30 6 1
 30 10 1
 30 12 1
 30 16 1
 30 17 1
 30 18 1
 30 21 1
 30 22 1
 30 25 1
 30 26 1
 30 27 1
 30 28 1
 30 31 1
 30 32 1
 30 33 1
 30 34 1
 30 39 1
 30 40 1
 30 43 1
 30 45 1
 30 46 1
 30 47 1
 30 49 1
 31 1 1
 31 2 1
 31 3 1
 31 5 1
 31 6 1
 31 8 1
 31 11 1
 31 14 1
 31 16 1
 31 20 1
 31 21 1
 31 25 1
 31 26 1
 31 27 1
 31 28 1
 31 29 1
 31 30 1
 31 34 1
 31 35 1
 31 37 1
 31 39 1
 31 42 1
 31 43 1
 31 46 1
 31 47 1
 32 2 1
 32 5 1
 32 6 1
 32 8 1
 32 11 1
 32 12 1
 32 13 1
 32 14 1
 32 15 1
 32 16 1
 32 17 1
 32 18 1
 32 19 1
 32 21 1
 32 22 1
 32 25 1
 32 26 1
 32 27 1
 32 28 1
 32 29 1
 32 31 1
 32 33 1
 32 35 1
 32 37 1
 32 38 1
 32 39 1
 32 40 1
 32 43 1
 32 44 1
 32 45 1
 32 47 1
 32 48 1
 32 49 1
 32 50 1
 33 3 1
 33 4 1
 33 5 1
 33 7 1
 33 9 1
 33 10 1
 33 11 1
 33 12 1
 33 13 1
 33 16 1
 33 18 1
 33 20 1
 33 22 1
 33 27 1
 33 28 1
