# Created by Octave 4.2.2, Mon Dec 13 20:30:33 2021 CST <lqg@qiguanglin-LC1>
# name: Map
# type: matrix
# rows: 955
# columns: 3
 1 2 1
 1 3 1
 1 6 1
 1 9 1
 1 12 1
 1 13 1
 1 14 1
 1 17 1
 1 18 1
 1 20 1
 1 22 1
 1 24 1
 1 25 1
 1 27 1
 1 28 1
 1 30 1
 1 31 1
 1 32 1
 1 33 1
 1 34 1
 1 35 1
 1 39 1
 2 1 1
 2 5 1
 2 7 1
 2 8 1
 2 9 1
 2 10 1
 2 12 1
 2 13 1
 2 14 1
 2 16 1
 2 17 1
 2 18 1
 2 19 1
 2 20 1
 2 21 1
 2 22 1
 2 24 1
 2 25 1
 2 27 1
 2 29 1
 2 33 1
 2 36 1
 2 37 1
 2 38 1
 2 39 1
 2 40 1
 3 1 1
 3 2 1
 3 6 1
 3 7 1
 3 8 1
 3 11 1
 3 12 1
 3 13 1
 3 14 1
 3 15 1
 3 16 1
 3 18 1
 3 21 1
 3 22 1
 3 23 1
 3 26 1
 3 28 1
 3 29 1
 3 30 1
 3 32 1
 3 34 1
 3 35 1
 3 37 1
 3 38 1
 3 39 1
 3 40 1
 4 2 1
 4 3 1
 4 6 1
 4 7 1
 4 8 1
 4 10 1
 4 13 1
 4 22 1
 4 23 1
 4 24 1
 4 27 1
 4 28 1
 4 29 1
 4 30 1
 4 33 1
 4 34 1
 4 35 1
 4 37 1
 4 38 1
 5 1 1
 5 3 1
 5 8 1
 5 11 1
 5 12 1
 5 13 1
 5 15 1
 5 18 1
 5 20 1
 5 21 1
 5 22 1
 5 24 1
 5 25 1
 5 27 1
 5 28 1
 5 30 1
 5 32 1
 5 33 1
 5 34 1
 5 35 1
 5 36 1
 5 38 1
 5 39 1
 5 40 1
 6 1 1
 6 2 1
 6 3 1
 6 4 1
 6 5 1
 6 7 1
 6 9 1
 6 10 1
 6 13 1
 6 14 1
 6 15 1
 6 16 1
 6 17 1
 6 19 1
 6 20 1
 6 21 1
 6 23 1
 6 24 1
 6 25 1
 6 28 1
 6 31 1
 6 32 1
 6 35 1
 6 36 1
 6 37 1
 6 39 1
 6 40 1
 7 1 1
 7 3 1
 7 4 1
 7 5 1
 7 6 1
 7 8 1
 7 9 1
 7 11 1
 7 12 1
 7 13 1
 7 14 1
 7 15 1
 7 17 1
 7 19 1
 7 20 1
 7 21 1
 7 23 1
 7 24 1
 7 25 1
 7 28 1
 7 34 1
 7 37 1
 7 39 1
 8 2 1
 8 3 1
 8 4 1
 8 5 1
 8 9 1
 8 10 1
 8 11 1
 8 12 1
 8 17 1
 8 18 1
 8 19 1
 8 21 1
 8 23 1
 8 24 1
 8 25 1
 8 27 1
 8 30 1
 8 32 1
 8 33 1
 8 34 1
 8 36 1
 8 37 1
 8 38 1
 9 4 1
 9 5 1
 9 6 1
 9 7 1
 9 12 1
 9 13 1
 9 15 1
 9 17 1
 9 20 1
 9 21 1
 9 22 1
 9 24 1
 9 25 1
 9 27 1
 9 29 1
 9 30 1
 9 31 1
 9 33 1
 9 36 1
 9 39 1
 10 2 1
 10 3 1
 10 6 1
 10 7 1
 10 12 1
 10 14 1
 10 15 1
 10 16 1
 10 18 1
 10 20 1
 10 21 1
 10 23 1
 10 24 1
 10 28 1
 10 31 1
 10 32 1
 10 34 1
 10 35 1
 10 37 1
 10 38 1
 10 39 1
 11 2 1
 11 3 1
 11 4 1
 11 10 1
 11 14 1
 11 15 1
 11 16 1
 11 17 1
 11 18 1
 11 20 1
 11 21 1
 11 22 1
 11 24 1
 11 27 1
 11 30 1
 11 31 1
 11 32 1
 11 35 1
 11 36 1
 11 37 1
 11 38 1
 11 39 1
 11 40 1
 12 2 1
 12 3 1
 12 5 1
 12 6 1
 12 7 1
 12 11 1
 12 14 1
 12 16 1
 12 18 1
 12 20 1
 12 21 1
 12 23 1
 12 24 1
 12 25 1
 12 26 1
 12 27 1
 12 29 1
 12 32 1
 12 33 1
 12 34 1
 12 35 1
 12 38 1
 12 39 1
 13 1 1
 13 3 1
 13 5 1
 13 6 1
 13 7 1
 13 9 1
 13 10 1
 13 11 1
 13 12 1
 13 14 1
 13 18 1
 13 19 1
 13 20 1
 13 21 1
 13 24 1
 13 25 1
 13 27 1
 13 28 1
 13 32 1
 13 33 1
 13 34 1
 13 35 1
 13 36 1
 13 37 1
 13 38 1
 13 40 1
 14 1 1
 14 3 1
 14 4 1
 14 5 1
 14 6 1
 14 9 1
 14 10 1
 14 12 1
 14 18 1
 14 20 1
 14 21 1
 14 22 1
 14 23 1
 14 24 1
 14 25 1
 14 26 1
 14 29 1
 14 30 1
 14 31 1
 14 33 1
 14 34 1
 14 37 1
 14 40 1
 15 1 1
 15 2 1
 15 6 1
 15 7 1
 15 8 1
 15 11 1
 15 13 1
 15 16 1
 15 17 1
 15 18 1
 15 19 1
 15 20 1
 15 21 1
 15 22 1
 15 24 1
 15 25 1
 15 26 1
 15 27 1
 15 28 1
 15 30 1
 15 31 1
 15 32 1
 15 35 1
 15 36 1
 15 37 1
 15 38 1
 15 39 1
 15 40 1
 16 3 1
 16 4 1
 16 5 1
 16 6 1
 16 7 1
 16 8 1
 16 9 1
 16 17 1
 16 18 1
 16 19 1
 16 21 1
 16 22 1
 16 23 1
 16 25 1
 16 27 1
 16 30 1
 16 31 1
 16 34 1
 16 39 1
 16 40 1
 17 1 1
 17 2 1
 17 5 1
 17 6 1
 17 7 1
 17 8 1
 17 9 1
 17 14 1
 17 15 1
 17 16 1
 17 18 1
 17 20 1
 17 21 1
 17 24 1
 17 25 1
 17 26 1
 17 28 1
 17 29 1
 17 30 1
 17 31 1
 17 32 1
 17 34 1
 17 35 1
 17 36 1
 17 37 1
 17 38 1
 17 40 1
 18 1 1
 18 5 1
 18 7 1
 18 10 1
 18 12 1
 18 13 1
 18 14 1
 18 17 1
 18 19 1
 18 21 1
 18 22 1
 18 24 1
 18 26 1
 18 27 1
 18 33 1
 18 34 1
 18 36 1
 18 38 1
 18 39 1
 18 40 1
 19 1 1
 19 2 1
 19 3 1
 19 5 1
 19 6 1
 19 7 1
 19 9 1
 19 10 1
 19 11 1
 19 13 1
 19 16 1
 19 17 1
 19 18 1
 19 20 1
 19 23 1
 19 24 1
 19 25 1
 19 30 1
 19 31 1
 19 34 1
 19 35 1
 19 36 1
 19 37 1
 19 39 1
 19 40 1
 20 2 1
 20 3 1
 20 4 1
 20 6 1
 20 7 1
 20 8 1
 20 10 1
 20 11 1
 20 12 1
 20 13 1
 20 15 1
 20 17 1
 20 22 1
 20 23 1
 20 25 1
 20 26 1
 20 27 1
 20 28 1
 20 29 1
 20 30 1
 20 31 1
 20 35 1
 20 36 1
 20 38 1
 20 40 1
 21 3 1
 21 4 1
 21 5 1
 21 6 1
 21 7 1
 21 8 1
 21 10 1
 21 13 1
 21 15 1
 21 16 1
 21 18 1
 21 19 1
 21 20 1
 21 24 1
 21 25 1
 21 27 1
 21 29 1
 21 30 1
 21 32 1
 21 35 1
 21 36 1
 21 37 1
 21 38 1
 21 40 1
 22 3 1
 22 4 1
 22 6 1
 22 7 1
 22 10 1
 22 12 1
 22 15 1
 22 16 1
 22 17 1
 22 21 1
 22 23 1
 22 25 1
 22 26 1
 22 27 1
 22 34 1
 22 35 1
 22 37 1
 22 38 1
 22 39 1
 22 40 1
 23 4 1
 23 5 1
 23 8 1
 23 9 1
 23 10 1
 23 11 1
 23 12 1
 23 14 1
 23 17 1
 23 18 1
 23 21 1
 23 22 1
 23 24 1
 23 26 1
 23 29 1
 23 30 1
 23 31 1
 23 32 1
 23 33 1
 23 34 1
 23 38 1
 23 39 1
 23 40 1
 24 1 1
 24 2 1
 24 5 1
 24 6 1
 24 7 1
 24 8 1
 24 9 1
 24 10 1
 24 13 1
 24 14 1
 24 18 1
 24 19 1
 24 20 1
 24 21 1
 24 23 1
 24 26 1
 24 27 1
 24 28 1
 24 29 1
 24 31 1
 24 32 1
 24 33 1
 24 34 1
 24 35 1
 24 36 1
 24 37 1
 24 38 1
 24 40 1
 25 1 1
 25 3 1
 25 5 1
 25 6 1
 25 7 1
 25 8 1
 25 12 1
 25 14 1
 25 15 1
 25 16 1
 25 17 1
 25 19 1
 25 20 1
 25 21 1
 25 23 1
 25 26 1
 25 29 1
 25 33 1
 25 34 1
 25 36 1
 25 37 1
 25 38 1
 25 39 1
 26 2 1
 26 3 1
 26 5 1
 26 6 1
 26 7 1
 26 8 1
 26 9 1
 26 10 1
 26 12 1
 26 16 1
 26 17 1
 26 20 1
 26 21 1
 26 23 1
 26 27 1
 26 31 1
 26 32 1
 26 34 1
 26 35 1
 26 36 1
 26 37 1
 26 38 1
 26 40 1
 27 1 1
 27 3 1
 27 4 1
 27 5 1
 27 6 1
 27 7 1
 27 9 1
 27 12 1
 27 15 1
 27 16 1
 27 18 1
 27 20 1
 27 21 1
 27 22 1
 27 23 1
 27 25 1
 27 26 1
 27 33 1
 27 36 1
 27 37 1
 27 39 1
 27 40 1
 28 1 1
 28 5 1
 28 6 1
 28 7 1
 28 8 1
 28 10 1
 28 11 1
 28 13 1
 28 14 1
 28 17 1
 28 19 1
 28 21 1
 28 22 1
 28 23 1
 28 26 1
 28 27 1
 28 29 1
 28 30 1
 28 32 1
 28 35 1
 28 37 1
 28 39 1
 28 40 1
 29 1 1
 29 2 1
 29 3 1
 29 4 1
 29 5 1
 29 6 1
 29 7 1
 29 8 1
 29 9 1
 29 11 1
 29 12 1
 29 13 1
 29 15 1
 29 16 1
 29 17 1
 29 18 1
 29 19 1
 29 20 1
 29 22 1
 29 23 1
 29 24 1
 29 25 1
 29 26 1
 29 27 1
 29 28 1
 29 30 1
 29 31 1
 29 32 1
 29 34 1
 29 35 1
 29 36 1
 29 37 1
 29 38 1
 29 39 1
 30 2 1
 30 3 1
 30 4 1
 30 5 1
 30 7 1
 30 11 1
 30 12 1
 30 13 1
 30 15 1
 30 18 1
 30 19 1
 30 22 1
 30 26 1
 30 27 1
 30 28 1
 30 29 1
 30 33 1
 30 37 1
 30 40 1
 31 3 1
 31 4 1
 31 5 1
 31 6 1
 31 8 1
 31 9 1
 31 10 1
 31 13 1
 31 14 1
 31 16 1
 31 18 1
 31 21 1
 31 22 1
 31 23 1
 31 28 1
 31 33 1
 31 35 1
 31 36 1
 31 38 1
 31 39 1
 32 1 1
 32 2 1
 32 4 1
 32 5 1
 32 6 1
 32 8 1
 32 10 1
 32 11 1
 32 14 1
 32 15 1
 32 16 1
 32 17 1
 32 18 1
 32 19 1
 32 20 1
 32 21 1
 32 23 1
 32 29 1
 32 30 1
 32 31 1
 32 33 1
 32 34 1
 32 36 1
 32 37 1
 32 38 1
 32 39 1
 33 1 1
 33 2 1
 33 3 1
 33 4 1
 33 5 1
 33 7 1
 33 8 1
 33 9 1
 33 10 1
 33 11 1
 33 13 1
 33 16 1
 33 17 1
 33 19 1
 33 20 1
 33 21 1
 33 23 1
 33 24 1
 33 25 1
 33 26 1
 33 31 1
 33 34 1
 33 36 1
 33 38 1
 33 40 1
 34 1 1
 34 2 1
 34 7 1
 34 9 1
 34 11 1
 34 12 1
 34 13 1
 34 14 1
 34 16 1
 34 17 1
 34 18 1
 34 21 1
 34 23 1
 34 24 1
 34 25 1
 34 26 1
 34 27 1
 34 28 1
 34 29 1
 34 31 1
 34 33 1
 34 35 1
 34 36 1
 34 37 1
 34 38 1
 35 2 1
 35 3 1
 35 4 1
 35 7 1
 35 8 1
 35 10 1
 35 11 1
 35 12 1
 35 13 1
 35 14 1
 35 15 1
 35 16 1
 35 18 1
 35 19 1
 35 21 1
 35 22 1
 35 23 1
 35 24 1
 35 26 1
 35 29 1
 35 30 1
 35 32 1
 35 33 1
 35 34 1
 35 37 1
 35 40 1
 36 2 1
 36 3 1
 36 4 1
 36 5 1
 36 6 1
 36 7 1
 36 8 1
 36 9 1
 36 11 1
 36 13 1
 36 14 1
 36 17 1
 36 18 1
 36 22 1
 36 25 1
 36 26 1
 36 27 1
 36 29 1
 36 30 1
 36 31 1
 36 32 1
 36 33 1
 36 37 1
 36 38 1
 36 39 1
 36 40 1
 37 3 1
 37 5 1
 37 6 1
 37 8 1
 37 9 1
 37 10 1
 37 11 1
 37 12 1
 37 13 1
 37 15 1
 37 16 1
 37 17 1
 37 20 1
 37 21 1
 37 22 1
 37 24 1
 37 27 1
 37 28 1
 37 29 1
 37 33 1
 37 34 1
 37 38 1
 37 39 1
 37 40 1
 38 2 1
 38 3 1
 38 5 1
 38 6 1
 38 7 1
 38 8 1
 38 9 1
 38 10 1
 38 11 1
 38 13 1
 38 16 1
 38 18 1
 38 19 1
 38 20 1
 38 21 1
 38 22 1
 38 24 1
 38 27 1
 38 28 1
 38 30 1
 38 31 1
 38 34 1
 38 35 1
 38 36 1
 38 39 1
 39 1 1
 39 4 1
 39 5 1
 39 6 1
 39 8 1
 39 9 1
 39 11 1
 39 14 1
 39 15 1
 39 16 1
 39 17 1
 39 21 1
 39 22 1
 39 23 1
 39 24 1
