# Created by Octave 4.2.2, Mon Dec 13 20:30:31 2021 CST <lqg@qiguanglin-LC1>
# name: Map
# type: matrix
# rows: 958
# columns: 3
 1 2 1
 1 4 1
 1 5 1
 1 8 1
 1 11 1
 1 12 1
 1 15 1
 1 16 1
 1 17 1
 1 18 1
 1 22 1
 1 25 1
 1 27 1
 1 28 1
 1 30 1
 1 32 1
 1 33 1
 1 35 1
 1 39 1
 1 40 1
 2 1 1
 2 3 1
 2 5 1
 2 7 1
 2 8 1
 2 9 1
 2 10 1
 2 12 1
 2 13 1
 2 18 1
 2 24 1
 2 25 1
 2 29 1
 2 30 1
 2 31 1
 2 32 1
 2 33 1
 2 34 1
 2 37 1
 2 38 1
 2 39 1
 2 40 1
 3 1 1
 3 2 1
 3 4 1
 3 6 1
 3 8 1
 3 9 1
 3 10 1
 3 12 1
 3 17 1
 3 19 1
 3 22 1
 3 23 1
 3 24 1
 3 25 1
 3 26 1
 3 30 1
 3 32 1
 3 33 1
 3 36 1
 3 37 1
 3 39 1
 4 3 1
 4 5 1
 4 6 1
 4 7 1
 4 10 1
 4 11 1
 4 12 1
 4 16 1
 4 17 1
 4 18 1
 4 19 1
 4 20 1
 4 22 1
 4 24 1
 4 26 1
 4 27 1
 4 29 1
 4 31 1
 4 32 1
 4 34 1
 4 36 1
 4 38 1
 4 39 1
 4 40 1
 5 1 1
 5 3 1
 5 4 1
 5 6 1
 5 7 1
 5 9 1
 5 10 1
 5 12 1
 5 13 1
 5 14 1
 5 15 1
 5 16 1
 5 17 1
 5 18 1
 5 20 1
 5 21 1
 5 22 1
 5 24 1
 5 25 1
 5 26 1
 5 29 1
 5 30 1
 5 31 1
 5 32 1
 5 33 1
 5 35 1
 5 37 1
 5 39 1
 5 40 1
 6 3 1
 6 5 1
 6 7 1
 6 8 1
 6 9 1
 6 10 1
 6 11 1
 6 12 1
 6 13 1
 6 14 1
 6 16 1
 6 17 1
 6 20 1
 6 23 1
 6 24 1
 6 27 1
 6 28 1
 6 31 1
 6 36 1
 6 37 1
 6 38 1
 6 39 1
 7 1 1
 7 4 1
 7 5 1
 7 6 1
 7 8 1
 7 9 1
 7 11 1
 7 12 1
 7 16 1
 7 17 1
 7 18 1
 7 20 1
 7 21 1
 7 22 1
 7 24 1
 7 25 1
 7 26 1
 7 27 1
 7 28 1
 7 29 1
 7 31 1
 7 32 1
 7 33 1
 7 34 1
 7 37 1
 7 38 1
 7 39 1
 7 40 1
 8 2 1
 8 3 1
 8 4 1
 8 5 1
 8 6 1
 8 7 1
 8 9 1
 8 10 1
 8 12 1
 8 14 1
 8 15 1
 8 16 1
 8 17 1
 8 19 1
 8 21 1
 8 22 1
 8 23 1
 8 24 1
 8 25 1
 8 26 1
 8 27 1
 8 29 1
 8 30 1
 8 32 1
 8 33 1
 8 35 1
 8 38 1
 8 39 1
 9 2 1
 9 3 1
 9 5 1
 9 6 1
 9 7 1
 9 8 1
 9 13 1
 9 18 1
 9 24 1
 9 29 1
 9 33 1
 9 36 1
 9 37 1
 9 39 1
 10 2 1
 10 3 1
 10 5 1
 10 6 1
 10 9 1
 10 11 1
 10 13 1
 10 14 1
 10 19 1
 10 22 1
 10 23 1
 10 24 1
 10 25 1
 10 27 1
 10 28 1
 10 29 1
 10 30 1
 10 33 1
 10 34 1
 10 35 1
 10 36 1
 10 38 1
 10 39 1
 10 40 1
 11 1 1
 11 3 1
 11 4 1
 11 5 1
 11 7 1
 11 8 1
 11 9 1
 11 10 1
 11 12 1
 11 15 1
 11 17 1
 11 18 1
 11 20 1
 11 22 1
 11 23 1
 11 25 1
 11 26 1
 11 28 1
 11 29 1
 11 30 1
 11 31 1
 11 32 1
 11 33 1
 11 34 1
 11 35 1
 11 37 1
 11 38 1
 11 39 1
 11 40 1
 12 1 1
 12 2 1
 12 3 1
 12 4 1
 12 5 1
 12 8 1
 12 9 1
 12 10 1
 12 11 1
 12 13 1
 12 14 1
 12 16 1
 12 18 1
 12 20 1
 12 22 1
 12 24 1
 12 28 1
 12 29 1
 12 30 1
 12 32 1
 12 35 1
 12 36 1
 12 37 1
 12 38 1
 12 40 1
 13 1 1
 13 3 1
 13 7 1
 13 10 1
 13 11 1
 13 12 1
 13 16 1
 13 20 1
 13 21 1
 13 22 1
 13 24 1
 13 25 1
 13 26 1
 13 27 1
 13 29 1
 13 31 1
 13 32 1
 13 33 1
 13 34 1
 13 35 1
 13 37 1
 13 38 1
 13 40 1
 14 1 1
 14 2 1
 14 6 1
 14 7 1
 14 10 1
 14 11 1
 14 16 1
 14 21 1
 14 23 1
 14 24 1
 14 26 1
 14 28 1
 14 29 1
 14 30 1
 14 32 1
 14 33 1
 14 34 1
 14 36 1
 14 37 1
 14 38 1
 14 39 1
 15 1 1
 15 2 1
 15 3 1
 15 4 1
 15 5 1
 15 6 1
 15 7 1
 15 8 1
 15 9 1
 15 10 1
 15 11 1
 15 12 1
 15 13 1
 15 16 1
 15 17 1
 15 18 1
 15 20 1
 15 26 1
 15 29 1
 15 30 1
 15 31 1
 15 33 1
 15 34 1
 15 36 1
 15 37 1
 15 39 1
 15 40 1
 16 1 1
 16 2 1
 16 3 1
 16 4 1
 16 5 1
 16 6 1
 16 9 1
 16 10 1
 16 12 1
 16 14 1
 16 17 1
 16 18 1
 16 19 1
 16 20 1
 16 22 1
 16 23 1
 16 25 1
 16 26 1
 16 29 1
 16 30 1
 16 31 1
 16 33 1
 16 34 1
 16 35 1
 16 36 1
 16 37 1
 16 38 1
 16 40 1
 17 2 1
 17 4 1
 17 5 1
 17 6 1
 17 7 1
 17 8 1
 17 10 1
 17 13 1
 17 14 1
 17 15 1
 17 16 1
 17 20 1
 17 21 1
 17 25 1
 17 26 1
 17 27 1
 17 31 1
 17 32 1
 17 33 1
 17 39 1
 17 40 1
 18 2 1
 18 6 1
 18 8 1
 18 9 1
 18 10 1
 18 13 1
 18 14 1
 18 15 1
 18 21 1
 18 22 1
 18 24 1
 18 27 1
 18 28 1
 18 29 1
 18 30 1
 18 31 1
 18 32 1
 18 34 1
 18 36 1
 18 37 1
 18 38 1
 18 39 1
 19 1 1
 19 2 1
 19 7 1
 19 13 1
 19 14 1
 19 15 1
 19 16 1
 19 17 1
 19 18 1
 19 20 1
 19 21 1
 19 23 1
 19 24 1
 19 26 1
 19 29 1
 19 31 1
 19 33 1
 19 34 1
 19 35 1
 19 36 1
 19 37 1
 19 39 1
 19 40 1
 20 2 1
 20 3 1
 20 4 1
 20 5 1
 20 6 1
 20 7 1
 20 8 1
 20 9 1
 20 10 1
 20 11 1
 20 12 1
 20 13 1
 20 14 1
 20 15 1
 20 16 1
 20 17 1
 20 21 1
 20 22 1
 20 23 1
 20 24 1
 20 25 1
 20 26 1
 20 29 1
 20 31 1
 20 33 1
 20 34 1
 20 35 1
 20 37 1
 20 39 1
 20 40 1
 21 6 1
 21 7 1
 21 8 1
 21 9 1
 21 13 1
 21 16 1
 21 17 1
 21 18 1
 21 19 1
 21 20 1
 21 23 1
 21 24 1
 21 25 1
 21 27 1
 21 28 1
 21 29 1
 21 31 1
 21 34 1
 21 37 1
 21 39 1
 21 40 1
 22 2 1
 22 4 1
 22 5 1
 22 6 1
 22 7 1
 22 8 1
 22 9 1
 22 10 1
 22 12 1
 22 13 1
 22 14 1
 22 15 1
 22 16 1
 22 17 1
 22 19 1
 22 20 1
 22 21 1
 22 23 1
 22 25 1
 22 27 1
 22 28 1
 22 29 1
 22 30 1
 22 33 1
 22 34 1
 22 39 1
 22 40 1
 23 2 1
 23 3 1
 23 4 1
 23 6 1
 23 7 1
 23 8 1
 23 9 1
 23 11 1
 23 12 1
 23 13 1
 23 14 1
 23 15 1
 23 16 1
 23 18 1
 23 19 1
 23 22 1
 23 24 1
 23 25 1
 23 28 1
 23 30 1
 23 31 1
 23 33 1
 23 34 1
 23 37 1
 23 40 1
 24 1 1
 24 3 1
 24 5 1
 24 7 1
 24 10 1
 24 11 1
 24 13 1
 24 14 1
 24 15 1
 24 16 1
 24 17 1
 24 19 1
 24 20 1
 24 22 1
 24 23 1
 24 25 1
 24 27 1
 24 30 1
 24 31 1
 24 33 1
 24 37 1
 24 38 1
 25 3 1
 25 4 1
 25 5 1
 25 6 1
 25 7 1
 25 9 1
 25 11 1
 25 13 1
 25 14 1
 25 16 1
 25 22 1
 25 23 1
 25 24 1
 25 27 1
 25 30 1
 25 31 1
 25 33 1
 25 38 1
 25 40 1
 26 1 1
 26 6 1
 26 7 1
 26 8 1
 26 10 1
 26 11 1
 26 12 1
 26 13 1
 26 15 1
 26 17 1
 26 19 1
 26 20 1
 26 21 1
 26 24 1
 26 27 1
 26 28 1
 26 32 1
 26 35 1
 26 36 1
 26 38 1
 26 39 1
 26 40 1
 27 1 1
 27 2 1
 27 3 1
 27 4 1
 27 5 1
 27 8 1
 27 9 1
 27 11 1
 27 12 1
 27 13 1
 27 14 1
 27 16 1
 27 17 1
 27 18 1
 27 20 1
 27 24 1
 27 25 1
 27 29 1
 27 31 1
 27 32 1
 27 33 1
 27 36 1
 27 37 1
 27 40 1
 28 2 1
 28 3 1
 28 4 1
 28 5 1
 28 6 1
 28 8 1
 28 10 1
 28 14 1
 28 18 1
 28 19 1
 28 21 1
 28 23 1
 28 25 1
 28 26 1
 28 29 1
 28 34 1
 28 35 1
 28 38 1
 28 39 1
 28 40 1
 29 1 1
 29 2 1
 29 3 1
 29 4 1
 29 5 1
 29 6 1
 29 9 1
 29 10 1
 29 12 1
 29 14 1
 29 15 1
 29 16 1
 29 17 1
 29 18 1
 29 19 1
 29 20 1
 29 22 1
 29 23 1
 29 25 1
 29 26 1
 29 27 1
 29 30 1
 29 31 1
 29 33 1
 29 34 1
 29 35 1
 29 36 1
 29 37 1
 30 2 1
 30 3 1
 30 6 1
 30 7 1
 30 8 1
 30 10 1
 30 11 1
 30 13 1
 30 14 1
 30 16 1
 30 17 1
 30 18 1
 30 19 1
 30 20 1
 30 23 1
 30 24 1
 30 25 1
 30 27 1
 30 32 1
 30 33 1
 30 34 1
 30 35 1
 30 36 1
 30 37 1
 30 38 1
 30 40 1
 31 1 1
 31 5 1
 31 6 1
 31 8 1
 31 9 1
 31 11 1
 31 12 1
 31 13 1
 31 14 1
 31 15 1
 31 16 1
 31 17 1
 31 18 1
 31 19 1
 31 20 1
 31 24 1
 31 25 1
 31 26 1
 31 29 1
 31 32 1
 31 33 1
 31 36 1
 31 37 1
 31 40 1
 32 2 1
 32 3 1
 32 4 1
 32 8 1
 32 9 1
 32 10 1
 32 12 1
 32 15 1
 32 16 1
 32 18 1
 32 20 1
 32 21 1
 32 22 1
 32 23 1
 32 25 1
 32 27 1
 32 29 1
 32 30 1
 32 31 1
 32 33 1
 32 36 1
 32 37 1
 32 38 1
 32 39 1
 32 40 1
 33 1 1
 33 2 1
 33 4 1
 33 7 1
 33 8 1
 33 11 1
 33 12 1
 33 14 1
 33 15 1
 33 19 1
 33 20 1
 33 23 1
 33 25 1
 33 27 1
 33 28 1
 33 29 1
 33 30 1
 33 31 1
 33 35 1
 33 36 1
 33 37 1
 33 40 1
 34 1 1
 34 2 1
 34 4 1
 34 5 1
 34 6 1
 34 7 1
 34 8 1
 34 9 1
 34 10 1
 34 11 1
 34 12 1
 34 14 1
 34 17 1
 34 18 1
 34 19 1
 34 21 1
 34 22 1
 34 23 1
 34 25 1
 34 26 1
 34 27 1
 34 28 1
 34 29 1
 34 31 1
 34 32 1
 34 33 1
 34 35 1
 34 36 1
 34 38 1
 34 39 1
 34 40 1
 35 4 1
 35 6 1
 35 7 1
 35 10 1
 35 11 1
 35 12 1
 35 16 1
 35 17 1
 35 18 1
 35 19 1
 35 20 1
 35 21 1
 35 22 1
 35 24 1
 35 25 1
 35 26 1
 35 27 1
 35 29 1
 35 30 1
 35 32 1
 35 33 1
 35 34 1
 35 36 1
 36 1 1
 36 3 1
 36 4 1
 36 5 1
 36 6 1
 36 10 1
 36 13 1
 36 15 1
 36 17 1
 36 18 1
 36 19 1
 36 22 1
 36 23 1
 36 25 1
 36 26 1
 36 27 1
 36 29 1
 36 30 1
 36 31 1
 36 32 1
 36 33 1
 36 34 1
 36 35 1
 36 37 1
 36 40 1
 37 1 1
 37 3 1
 37 7 1
 37 8 1
 37 9 1
 37 10 1
 37 12 1
 37 14 1
 37 15 1
 37 20 1
 37 21 1
 37 22 1
 37 26 1
 37 27 1
 37 29 1
 37 30 1
 37 31 1
 37 32 1
 37 34 1
 37 35 1
 37 38 1
 37 39 1
 38 1 1
 38 2 1
 38 3 1
 38 4 1
 38 5 1
 38 6 1
 38 7 1
 38 8 1
 38 9 1
 38 11 1
 38 13 1
 38 14 1
 38 15 1
 38 17 1
 38 22 1
 38 23 1
 38 24 1
 38 25 1
 38 28 1
 38 29 1
 38 35 1
 38 36 1
 38 37 1
 38 39 1
 38 40 1
 39 2 1
 39 3 1
 39 4 1
 39 5 1
 39 6 1
 39 8 1
 39 10 1
 39 12 1
 39 13 1
 39 19 1
