# Created by Octave 4.2.2, Mon Dec 13 20:30:44 2021 CST <lqg@qiguanglin-LC1>
# name: Map
# type: matrix
# rows: 1454
# columns: 3
 1 3 1
 1 5 1
 1 7 1
 1 11 1
 1 12 1
 1 13 1
 1 14 1
 1 16 1
 1 17 1
 1 19 1
 1 20 1
 1 21 1
 1 22 1
 1 25 1
 1 27 1
 1 28 1
 1 31 1
 1 33 1
 1 34 1
 1 35 1
 1 36 1
 1 39 1
 1 42 1
 1 43 1
 1 44 1
 1 45 1
 1 46 1
 1 48 1
 1 49 1
 2 3 1
 2 5 1
 2 6 1
 2 7 1
 2 8 1
 2 10 1
 2 11 1
 2 13 1
 2 15 1
 2 17 1
 2 18 1
 2 20 1
 2 21 1
 2 22 1
 2 23 1
 2 24 1
 2 27 1
 2 28 1
 2 29 1
 2 30 1
 2 31 1
 2 32 1
 2 33 1
 2 38 1
 2 41 1
 2 42 1
 2 43 1
 2 45 1
 2 50 1
 3 1 1
 3 2 1
 3 5 1
 3 7 1
 3 8 1
 3 10 1
 3 15 1
 3 18 1
 3 19 1
 3 20 1
 3 22 1
 3 23 1
 3 24 1
 3 25 1
 3 30 1
 3 32 1
 3 33 1
 3 35 1
 3 36 1
 3 37 1
 3 39 1
 3 41 1
 3 44 1
 3 45 1
 3 46 1
 3 47 1
 3 49 1
 3 50 1
 4 1 1
 4 3 1
 4 5 1
 4 6 1
 4 7 1
 4 8 1
 4 9 1
 4 11 1
 4 13 1
 4 14 1
 4 16 1
 4 17 1
 4 20 1
 4 21 1
 4 22 1
 4 28 1
 4 31 1
 4 32 1
 4 33 1
 4 37 1
 4 38 1
 4 40 1
 4 41 1
 4 42 1
 4 44 1
 4 46 1
 4 47 1
 4 49 1
 4 50 1
 5 3 1
 5 4 1
 5 6 1
 5 9 1
 5 10 1
 5 11 1
 5 12 1
 5 13 1
 5 15 1
 5 16 1
 5 18 1
 5 20 1
 5 21 1
 5 23 1
 5 24 1
 5 26 1
 5 27 1
 5 33 1
 5 34 1
 5 37 1
 5 38 1
 5 39 1
 5 40 1
 5 41 1
 5 43 1
 5 44 1
 5 46 1
 5 50 1
 6 1 1
 6 2 1
 6 3 1
 6 7 1
 6 8 1
 6 10 1
 6 12 1
 6 13 1
 6 16 1
 6 17 1
 6 19 1
 6 20 1
 6 23 1
 6 24 1
 6 26 1
 6 27 1
 6 29 1
 6 30 1
 6 32 1
 6 34 1
 6 35 1
 6 36 1
 6 37 1
 6 38 1
 6 41 1
 6 45 1
 6 46 1
 6 48 1
 6 49 1
 7 1 1
 7 2 1
 7 3 1
 7 5 1
 7 8 1
 7 9 1
 7 11 1
 7 12 1
 7 13 1
 7 14 1
 7 15 1
 7 18 1
 7 24 1
 7 25 1
 7 27 1
 7 28 1
 7 29 1
 7 30 1
 7 33 1
 7 34 1
 7 38 1
 7 41 1
 7 42 1
 7 45 1
 7 46 1
 7 48 1
 7 49 1
 8 1 1
 8 2 1
 8 3 1
 8 6 1
 8 7 1
 8 10 1
 8 11 1
 8 13 1
 8 14 1
 8 16 1
 8 17 1
 8 18 1
 8 20 1
 8 24 1
 8 36 1
 8 37 1
 8 39 1
 8 41 1
 8 42 1
 8 43 1
 8 44 1
 8 46 1
 8 48 1
 8 49 1
 8 50 1
 9 2 1
 9 3 1
 9 4 1
 9 6 1
 9 8 1
 9 12 1
 9 15 1
 9 16 1
 9 17 1
 9 18 1
 9 20 1
 9 21 1
 9 22 1
 9 24 1
 9 25 1
 9 28 1
 9 30 1
 9 32 1
 9 33 1
 9 35 1
 9 36 1
 9 37 1
 9 41 1
 9 42 1
 9 43 1
 9 45 1
 9 46 1
 9 47 1
 10 2 1
 10 3 1
 10 4 1
 10 6 1
 10 7 1
 10 9 1
 10 11 1
 10 12 1
 10 13 1
 10 14 1
 10 15 1
 10 16 1
 10 17 1
 10 20 1
 10 22 1
 10 23 1
 10 24 1
 10 26 1
 10 27 1
 10 29 1
 10 30 1
 10 31 1
 10 33 1
 10 34 1
 10 35 1
 10 36 1
 10 38 1
 10 40 1
 10 42 1
 10 43 1
 10 44 1
 10 45 1
 10 46 1
 10 47 1
 10 49 1
 11 3 1
 11 5 1
 11 6 1
 11 7 1
 11 8 1
 11 10 1
 11 12 1
 11 16 1
 11 21 1
 11 22 1
 11 25 1
 11 28 1
 11 30 1
 11 31 1
 11 34 1
 11 35 1
 11 36 1
 11 38 1
 11 39 1
 11 43 1
 11 45 1
 11 46 1
 11 47 1
 11 49 1
 12 2 1
 12 4 1
 12 6 1
 12 7 1
 12 8 1
 12 9 1
 12 10 1
 12 11 1
 12 13 1
 12 15 1
 12 16 1
 12 17 1
 12 18 1
 12 19 1
 12 20 1
 12 21 1
 12 23 1
 12 25 1
 12 26 1
 12 28 1
 12 30 1
 12 31 1
 12 32 1
 12 33 1
 12 34 1
 12 35 1
 12 38 1
 12 40 1
 12 41 1
 12 43 1
 12 45 1
 12 48 1
 12 49 1
 12 50 1
 13 1 1
 13 2 1
 13 5 1
 13 6 1
 13 8 1
 13 10 1
 13 11 1
 13 12 1
 13 14 1
 13 15 1
 13 16 1
 13 17 1
 13 18 1
 13 21 1
 13 24 1
 13 26 1
 13 27 1
 13 30 1
 13 31 1
 13 32 1
 13 33 1
 13 34 1
 13 36 1
 13 37 1
 13 39 1
 13 40 1
 13 42 1
 13 44 1
 13 49 1
 14 3 1
 14 4 1
 14 6 1
 14 7 1
 14 8 1
 14 9 1
 14 11 1
 14 12 1
 14 13 1
 14 15 1
 14 16 1
 14 19 1
 14 20 1
 14 21 1
 14 22 1
 14 24 1
 14 26 1
 14 27 1
 14 28 1
 14 29 1
 14 31 1
 14 33 1
 14 35 1
 14 36 1
 14 37 1
 14 38 1
 14 40 1
 14 41 1
 14 42 1
 14 44 1
 14 45 1
 14 47 1
 14 48 1
 15 1 1
 15 2 1
 15 3 1
 15 4 1
 15 5 1
 15 9 1
 15 10 1
 15 12 1
 15 16 1
 15 17 1
 15 19 1
 15 20 1
 15 21 1
 15 22 1
 15 23 1
 15 25 1
 15 27 1
 15 28 1
 15 35 1
 15 36 1
 15 37 1
 15 38 1
 15 39 1
 15 40 1
 15 41 1
 15 44 1
 15 46 1
 15 47 1
 15 48 1
 15 49 1
 15 50 1
 16 1 1
 16 5 1
 16 6 1
 16 7 1
 16 8 1
 16 10 1
 16 11 1
 16 12 1
 16 15 1
 16 17 1
 16 20 1
 16 21 1
 16 23 1
 16 25 1
 16 28 1
 16 29 1
 16 30 1
 16 31 1
 16 33 1
 16 34 1
 16 35 1
 16 36 1
 16 37 1
 16 39 1
 16 41 1
 16 42 1
 16 43 1
 16 44 1
 16 45 1
 16 47 1
 16 49 1
 17 1 1
 17 2 1
 17 4 1
 17 5 1
 17 7 1
 17 8 1
 17 10 1
 17 11 1
 17 18 1
 17 19 1
 17 20 1
 17 22 1
 17 23 1
 17 25 1
 17 26 1
 17 28 1
 17 29 1
 17 30 1
 17 31 1
 17 33 1
 17 34 1
 17 35 1
 17 36 1
 17 38 1
 17 39 1
 17 42 1
 17 45 1
 17 46 1
 17 49 1
 17 50 1
 18 1 1
 18 7 1
 18 8 1
 18 9 1
 18 12 1
 18 13 1
 18 14 1
 18 17 1
 18 19 1
 18 20 1
 18 22 1
 18 24 1
 18 26 1
 18 29 1
 18 30 1
 18 31 1
 18 32 1
 18 35 1
 18 37 1
 18 40 1
 18 42 1
 18 43 1
 18 44 1
 18 46 1
 18 47 1
 18 49 1
 19 3 1
 19 5 1
 19 6 1
 19 7 1
 19 8 1
 19 9 1
 19 10 1
 19 11 1
 19 12 1
 19 13 1
 19 14 1
 19 16 1
 19 17 1
 19 20 1
 19 22 1
 19 24 1
 19 25 1
 19 26 1
 19 29 1
 19 30 1
 19 34 1
 19 36 1
 19 38 1
 19 39 1
 19 40 1
 19 42 1
 19 43 1
 19 46 1
 19 48 1
 19 49 1
 20 4 1
 20 5 1
 20 9 1
 20 14 1
 20 16 1
 20 17 1
 20 18 1
 20 19 1
 20 21 1
 20 22 1
 20 23 1
 20 24 1
 20 25 1
 20 26 1
 20 28 1
 20 29 1
 20 31 1
 20 32 1
 20 33 1
 20 34 1
 20 35 1
 20 37 1
 20 39 1
 20 40 1
 20 45 1
 20 46 1
 20 47 1
 20 48 1
 20 50 1
 21 4 1
 21 5 1
 21 6 1
 21 7 1
 21 8 1
 21 10 1
 21 11 1
 21 13 1
 21 18 1
 21 19 1
 21 26 1
 21 27 1
 21 29 1
 21 31 1
 21 32 1
 21 34 1
 21 36 1
 21 40 1
 21 42 1
 21 45 1
 21 46 1
 21 47 1
 21 49 1
 22 1 1
 22 7 1
 22 8 1
 22 10 1
 22 11 1
 22 14 1
 22 15 1
 22 17 1
 22 23 1
 22 24 1
 22 27 1
 22 29 1
 22 30 1
 22 31 1
 22 32 1
 22 34 1
 22 35 1
 22 36 1
 22 39 1
 22 40 1
 22 41 1
 22 43 1
 22 45 1
 22 48 1
 22 49 1
 22 50 1
 23 1 1
 23 2 1
 23 4 1
 23 6 1
 23 7 1
 23 8 1
 23 9 1
 23 10 1
 23 15 1
 23 16 1
 23 17 1
 23 18 1
 23 19 1
 23 21 1
 23 27 1
 23 30 1
 23 31 1
 23 32 1
 23 33 1
 23 34 1
 23 36 1
 23 37 1
 23 38 1
 23 39 1
 23 41 1
 23 42 1
 23 43 1
 23 46 1
 23 47 1
 23 48 1
 23 49 1
 24 1 1
 24 3 1
 24 5 1
 24 6 1
 24 7 1
 24 9 1
 24 11 1
 24 12 1
 24 14 1
 24 15 1
 24 16 1
 24 17 1
 24 19 1
 24 21 1
 24 22 1
 24 23 1
 24 27 1
 24 31 1
 24 36 1
 24 37 1
 24 40 1
 24 41 1
 24 45 1
 24 46 1
 24 47 1
 24 49 1
 24 50 1
 25 1 1
 25 2 1
 25 3 1
 25 5 1
 25 6 1
 25 7 1
 25 8 1
 25 9 1
 25 13 1
 25 18 1
 25 19 1
 25 20 1
 25 21 1
 25 22 1
 25 24 1
 25 28 1
 25 29 1
 25 31 1
 25 32 1
 25 33 1
 25 36 1
 25 38 1
 25 39 1
 25 41 1
 25 43 1
 25 44 1
 25 45 1
 25 46 1
 25 48 1
 25 49 1
 26 2 1
 26 4 1
 26 5 1
 26 6 1
 26 7 1
 26 9 1
 26 10 1
 26 12 1
 26 13 1
 26 15 1
 26 16 1
 26 17 1
 26 18 1
 26 19 1
 26 20 1
 26 21 1
 26 23 1
 26 24 1
 26 25 1
 26 27 1
 26 28 1
 26 29 1
 26 31 1
 26 32 1
 26 35 1
 26 36 1
 26 37 1
 26 38 1
 26 39 1
 26 46 1
 26 47 1
 26 49 1
 26 50 1
 27 2 1
 27 3 1
 27 5 1
 27 6 1
 27 7 1
 27 8 1
 27 10 1
 27 11 1
 27 12 1
 27 14 1
 27 15 1
 27 17 1
 27 22 1
 27 24 1
 27 25 1
 27 29 1
 27 30 1
 27 31 1
 27 32 1
 27 33 1
 27 35 1
 27 36 1
 27 37 1
 27 39 1
 27 40 1
 27 44 1
 27 45 1
 27 46 1
 27 47 1
 27 48 1
 28 1 1
 28 2 1
 28 4 1
 28 5 1
 28 6 1
 28 7 1
 28 8 1
 28 12 1
 28 14 1
 28 16 1
 28 18 1
 28 20 1
 28 21 1
 28 23 1
 28 27 1
 28 29 1
 28 31 1
 28 32 1
 28 33 1
 28 36 1
 28 37 1
 28 40 1
 28 41 1
 28 43 1
 28 44 1
 28 45 1
 28 46 1
 28 50 1
 29 1 1
 29 3 1
 29 4 1
 29 5 1
 29 6 1
 29 7 1
 29 9 1
 29 18 1
 29 19 1
 29 20 1
 29 21 1
 29 22 1
 29 26 1
 29 31 1
 29 32 1
 29 34 1
 29 35 1
 29 38 1
 29 39 1
 29 41 1
 29 43 1
 29 44 1
 29 45 1
 29 47 1
 29 48 1
 29 49 1
 30 2 1
 30 4 1
 30 6 1
 30 7 1
 30 9 1
 30 11 1
 30 12 1
 30 14 1
 30 16 1
 30 19 1
 30 20 1
 30 21 1
 30 22 1
 30 23 1
 30 25 1
 30 29 1
 30 32 1
 30 33 1
 30 35 1
 30 37 1
 30 38 1
 30 39 1
 30 40 1
 30 41 1
 30 42 1
 30 43 1
 30 44 1
 30 48 1
 30 49 1
 31 3 1
 31 4 1
 31 6 1
 31 7 1
 31 8 1
 31 9 1
 31 10 1
 31 12 1
 31 13 1
 31 14 1
 31 15 1
 31 16 1
 31 19 1
 31 26 1
 31 29 1
 31 30 1
 31 35 1
 31 36 1
 31 38 1
 31 39 1
 31 40 1
 31 41 1
 31 42 1
 31 43 1
 31 48 1
 31 49 1
 31 50 1
 32 1 1
 32 2 1
 32 3 1
 32 4 1
 32 5 1
 32 8 1
 32 11 1
 32 13 1
 32 15 1
 32 19 1
 32 21 1
 32 23 1
 32 25 1
 32 29 1
 32 31 1
 32 34 1
 32 36 1
 32 38 1
 32 39 1
 32 40 1
 32 42 1
 32 43 1
 32 44 1
 32 46 1
 32 47 1
 32 48 1
 32 49 1
