# Created by Octave 4.2.2, Mon Dec 13 20:30:34 2021 CST <lqg@qiguanglin-LC1>
# name: Map
# type: matrix
# rows: 916
# columns: 3
 1 3 1
 1 4 1
 1 5 1
 1 6 1
 1 7 1
 1 8 1
 1 9 1
 1 10 1
 1 11 1
 1 14 1
 1 15 1
 1 16 1
 1 17 1
 1 18 1
 1 19 1
 1 21 1
 1 22 1
 1 24 1
 1 27 1
 1 28 1
 1 32 1
 1 33 1
 1 35 1
 1 36 1
 1 37 1
 1 38 1
 1 39 1
 2 1 1
 2 3 1
 2 8 1
 2 9 1
 2 12 1
 2 13 1
 2 14 1
 2 15 1
 2 16 1
 2 18 1
 2 19 1
 2 21 1
 2 24 1
 2 26 1
 2 28 1
 2 29 1
 2 30 1
 2 31 1
 2 35 1
 2 37 1
 2 40 1
 3 2 1
 3 4 1
 3 5 1
 3 7 1
 3 10 1
 3 11 1
 3 12 1
 3 13 1
 3 14 1
 3 16 1
 3 18 1
 3 20 1
 3 25 1
 3 26 1
 3 27 1
 3 28 1
 3 29 1
 3 30 1
 3 31 1
 3 32 1
 3 34 1
 3 36 1
 3 37 1
 3 39 1
 3 40 1
 4 1 1
 4 2 1
 4 3 1
 4 5 1
 4 6 1
 4 7 1
 4 9 1
 4 11 1
 4 12 1
 4 13 1
 4 16 1
 4 23 1
 4 26 1
 4 27 1
 4 28 1
 4 29 1
 4 30 1
 4 33 1
 4 35 1
 4 36 1
 4 37 1
 4 38 1
 4 39 1
 4 40 1
 5 1 1
 5 3 1
 5 9 1
 5 12 1
 5 13 1
 5 17 1
 5 18 1
 5 19 1
 5 23 1
 5 24 1
 5 26 1
 5 28 1
 5 31 1
 5 34 1
 5 37 1
 5 38 1
 5 39 1
 6 1 1
 6 2 1
 6 4 1
 6 5 1
 6 7 1
 6 8 1
 6 10 1
 6 11 1
 6 13 1
 6 15 1
 6 16 1
 6 19 1
 6 20 1
 6 23 1
 6 24 1
 6 25 1
 6 29 1
 6 30 1
 6 32 1
 6 33 1
 6 36 1
 6 38 1
 6 39 1
 6 40 1
 7 1 1
 7 3 1
 7 4 1
 7 6 1
 7 8 1
 7 10 1
 7 11 1
 7 13 1
 7 14 1
 7 18 1
 7 19 1
 7 20 1
 7 21 1
 7 23 1
 7 24 1
 7 25 1
 7 26 1
 7 27 1
 7 29 1
 7 31 1
 7 32 1
 7 33 1
 7 35 1
 7 36 1
 7 37 1
 7 38 1
 7 39 1
 8 2 1
 8 3 1
 8 4 1
 8 5 1
 8 7 1
 8 10 1
 8 11 1
 8 12 1
 8 13 1
 8 14 1
 8 21 1
 8 22 1
 8 23 1
 8 25 1
 8 28 1
 8 30 1
 8 31 1
 8 34 1
 8 35 1
 8 36 1
 8 39 1
 8 40 1
 9 1 1
 9 3 1
 9 5 1
 9 7 1
 9 11 1
 9 13 1
 9 14 1
 9 15 1
 9 16 1
 9 19 1
 9 20 1
 9 21 1
 9 22 1
 9 23 1
 9 24 1
 9 26 1
 9 28 1
 9 29 1
 9 30 1
 9 32 1
 9 33 1
 9 35 1
 9 36 1
 9 38 1
 9 39 1
 9 40 1
 10 5 1
 10 7 1
 10 8 1
 10 11 1
 10 12 1
 10 14 1
 10 15 1
 10 16 1
 10 17 1
 10 21 1
 10 22 1
 10 23 1
 10 24 1
 10 25 1
 10 26 1
 10 27 1
 10 28 1
 10 31 1
 10 32 1
 10 33 1
 10 35 1
 10 39 1
 11 1 1
 11 2 1
 11 3 1
 11 4 1
 11 5 1
 11 8 1
 11 9 1
 11 12 1
 11 15 1
 11 16 1
 11 18 1
 11 19 1
 11 21 1
 11 22 1
 11 25 1
 11 26 1
 11 27 1
 11 29 1
 11 30 1
 11 31 1
 11 32 1
 11 36 1
 12 2 1
 12 3 1
 12 5 1
 12 6 1
 12 7 1
 12 9 1
 12 10 1
 12 11 1
 12 14 1
 12 15 1
 12 16 1
 12 17 1
 12 18 1
 12 19 1
 12 20 1
 12 21 1
 12 22 1
 12 23 1
 12 25 1
 12 26 1
 12 30 1
 12 31 1
 12 32 1
 12 33 1
 12 34 1
 12 35 1
 12 36 1
 12 38 1
 12 40 1
 13 1 1
 13 2 1
 13 3 1
 13 4 1
 13 6 1
 13 7 1
 13 8 1
 13 11 1
 13 12 1
 13 15 1
 13 16 1
 13 17 1
 13 18 1
 13 20 1
 13 21 1
 13 22 1
 13 24 1
 13 25 1
 13 26 1
 13 27 1
 13 28 1
 13 29 1
 13 34 1
 13 36 1
 13 37 1
 13 38 1
 13 40 1
 14 2 1
 14 5 1
 14 10 1
 14 12 1
 14 13 1
 14 16 1
 14 18 1
 14 19 1
 14 22 1
 14 23 1
 14 24 1
 14 28 1
 14 29 1
 14 30 1
 14 33 1
 14 35 1
 14 36 1
 14 38 1
 14 39 1
 15 3 1
 15 4 1
 15 8 1
 15 9 1
 15 10 1
 15 11 1
 15 13 1
 15 14 1
 15 17 1
 15 18 1
 15 19 1
 15 21 1
 15 24 1
 15 25 1
 15 27 1
 15 28 1
 15 33 1
 15 34 1
 15 35 1
 15 37 1
 15 39 1
 15 40 1
 16 1 1
 16 2 1
 16 4 1
 16 7 1
 16 9 1
 16 11 1
 16 14 1
 16 18 1
 16 19 1
 16 20 1
 16 22 1
 16 23 1
 16 24 1
 16 25 1
 16 26 1
 16 27 1
 16 29 1
 16 32 1
 16 33 1
 16 34 1
 16 35 1
 16 36 1
 16 37 1
 16 38 1
 16 39 1
 17 1 1
 17 3 1
 17 4 1
 17 8 1
 17 11 1
 17 12 1
 17 19 1
 17 20 1
 17 21 1
 17 24 1
 17 25 1
 17 29 1
 17 30 1
 17 31 1
 17 32 1
 17 33 1
 17 34 1
 17 35 1
 17 36 1
 17 37 1
 17 38 1
 17 39 1
 18 2 1
 18 3 1
 18 4 1
 18 6 1
 18 7 1
 18 11 1
 18 13 1
 18 15 1
 18 20 1
 18 24 1
 18 25 1
 18 27 1
 18 28 1
 18 32 1
 18 33 1
 18 35 1
 18 37 1
 18 39 1
 19 2 1
 19 3 1
 19 4 1
 19 5 1
 19 6 1
 19 9 1
 19 10 1
 19 12 1
 19 13 1
 19 14 1
 19 15 1
 19 20 1
 19 25 1
 19 26 1
 19 27 1
 19 29 1
 19 32 1
 19 33 1
 19 35 1
 19 39 1
 19 40 1
 20 1 1
 20 2 1
 20 3 1
 20 5 1
 20 8 1
 20 9 1
 20 11 1
 20 16 1
 20 17 1
 20 18 1
 20 21 1
 20 26 1
 20 28 1
 20 32 1
 20 36 1
 20 38 1
 20 39 1
 21 1 1
 21 3 1
 21 4 1
 21 5 1
 21 9 1
 21 11 1
 21 13 1
 21 14 1
 21 15 1
 21 16 1
 21 19 1
 21 24 1
 21 27 1
 21 33 1
 21 34 1
 21 38 1
 21 39 1
 21 40 1
 22 1 1
 22 2 1
 22 7 1
 22 8 1
 22 9 1
 22 10 1
 22 11 1
 22 12 1
 22 14 1
 22 15 1
 22 17 1
 22 19 1
 22 24 1
 22 25 1
 22 28 1
 22 30 1
 22 33 1
 22 34 1
 22 35 1
 22 36 1
 22 38 1
 22 39 1
 22 40 1
 23 1 1
 23 2 1
 23 3 1
 23 4 1
 23 5 1
 23 6 1
 23 7 1
 23 9 1
 23 11 1
 23 12 1
 23 14 1
 23 18 1
 23 19 1
 23 20 1
 23 21 1
 23 25 1
 23 27 1
 23 28 1
 23 29 1
 23 31 1
 23 32 1
 23 38 1
 23 39 1
 23 40 1
 24 2 1
 24 5 1
 24 8 1
 24 9 1
 24 10 1
 24 11 1
 24 12 1
 24 16 1
 24 18 1
 24 21 1
 24 23 1
 24 25 1
 24 26 1
 24 27 1
 24 28 1
 24 29 1
 24 30 1
 24 31 1
 24 34 1
 24 35 1
 24 36 1
 24 37 1
 24 38 1
 25 1 1
 25 2 1
 25 3 1
 25 4 1
 25 5 1
 25 6 1
 25 11 1
 25 12 1
 25 13 1
 25 14 1
 25 15 1
 25 16 1
 25 19 1
 25 26 1
 25 29 1
 25 30 1
 25 31 1
 25 32 1
 25 33 1
 25 34 1
 25 35 1
 25 36 1
 25 40 1
 26 1 1
 26 2 1
 26 3 1
 26 4 1
 26 5 1
 26 8 1
 26 9 1
 26 10 1
 26 12 1
 26 14 1
 26 16 1
 26 18 1
 26 19 1
 26 24 1
 26 25 1
 26 27 1
 26 28 1
 26 30 1
 26 31 1
 26 32 1
 26 34 1
 26 36 1
 26 37 1
 26 39 1
 27 3 1
 27 4 1
 27 5 1
 27 8 1
 27 10 1
 27 12 1
 27 13 1
 27 14 1
 27 16 1
 27 17 1
 27 18 1
 27 19 1
 27 22 1
 27 23 1
 27 28 1
 27 32 1
 27 35 1
 27 36 1
 27 37 1
 27 38 1
 27 39 1
 27 40 1
 28 1 1
 28 2 1
 28 3 1
 28 5 1
 28 6 1
 28 7 1
 28 11 1
 28 12 1
 28 15 1
 28 16 1
 28 17 1
 28 21 1
 28 23 1
 28 24 1
 28 26 1
 28 27 1
 28 29 1
 28 31 1
 28 34 1
 28 36 1
 28 38 1
 28 39 1
 28 40 1
 29 1 1
 29 2 1
 29 3 1
 29 4 1
 29 5 1
 29 7 1
 29 9 1
 29 12 1
 29 14 1
 29 16 1
 29 17 1
 29 19 1
 29 21 1
 29 23 1
 29 24 1
 29 27 1
 29 32 1
 29 33 1
 29 35 1
 29 36 1
 29 38 1
 29 40 1
 30 1 1
 30 4 1
 30 6 1
 30 7 1
 30 8 1
 30 9 1
 30 10 1
 30 12 1
 30 15 1
 30 18 1
 30 19 1
 30 20 1
 30 22 1
 30 23 1
 30 24 1
 30 26 1
 30 27 1
 30 29 1
 30 33 1
 30 34 1
 30 35 1
 30 36 1
 30 38 1
 30 39 1
 31 1 1
 31 2 1
 31 5 1
 31 6 1
 31 8 1
 31 10 1
 31 12 1
 31 13 1
 31 14 1
 31 15 1
 31 20 1
 31 22 1
 31 23 1
 31 27 1
 31 28 1
 31 30 1
 31 32 1
 31 34 1
 31 38 1
 32 1 1
 32 2 1
 32 8 1
 32 9 1
 32 11 1
 32 12 1
 32 14 1
 32 16 1
 32 17 1
 32 18 1
 32 20 1
 32 21 1
 32 23 1
 32 25 1
 32 27 1
 32 30 1
 32 31 1
 32 34 1
 32 38 1
 32 39 1
 32 40 1
 33 2 1
 33 3 1
 33 5 1
 33 6 1
 33 7 1
 33 8 1
 33 10 1
 33 11 1
 33 14 1
 33 15 1
 33 16 1
 33 17 1
 33 26 1
 33 27 1
 33 29 1
 33 30 1
 33 31 1
 33 36 1
 33 38 1
 33 39 1
 34 1 1
 34 2 1
 34 4 1
 34 5 1
 34 6 1
 34 8 1
 34 11 1
 34 13 1
 34 15 1
 34 17 1
 34 21 1
 34 23 1
 34 24 1
 34 25 1
 34 27 1
 34 28 1
 34 29 1
 34 31 1
 34 32 1
 34 33 1
 34 35 1
 34 36 1
 34 38 1
 34 39 1
 35 2 1
 35 4 1
 35 8 1
 35 10 1
 35 11 1
 35 13 1
 35 14 1
 35 15 1
 35 19 1
 35 20 1
 35 21 1
 35 22 1
 35 23 1
 35 27 1
 35 28 1
 35 29 1
 35 30 1
 35 31 1
 35 32 1
 35 33 1
 35 34 1
 35 36 1
 35 38 1
 35 40 1
 36 2 1
 36 3 1
 36 5 1
 36 6 1
 36 8 1
 36 11 1
 36 15 1
 36 17 1
 36 18 1
 36 19 1
 36 23 1
 36 24 1
 36 25 1
 36 28 1
 36 29 1
 36 30 1
 36 32 1
 36 33 1
 36 35 1
 36 37 1
 36 38 1
 36 40 1
 37 1 1
 37 3 1
 37 4 1
 37 8 1
 37 9 1
 37 11 1
 37 12 1
 37 14 1
 37 15 1
 37 16 1
 37 18 1
 37 19 1
 37 23 1
 37 25 1
 37 26 1
 37 27 1
 37 28 1
 37 30 1
 37 31 1
 37 32 1
 37 36 1
 37 39 1
 38 1 1
 38 4 1
 38 5 1
 38 6 1
 38 7 1
 38 9 1
 38 11 1
 38 12 1
 38 13 1
 38 14 1
 38 15 1
 38 16 1
 38 18 1
 38 19 1
 38 21 1
 38 22 1
 38 24 1
 38 27 1
 38 28 1
 38 29 1
 38 31 1
 38 32 1
 38 33 1
 38 34 1
 38 35 1
 38 36 1
 38 39 1
 38 40 1
 39 1 1
 39 2 1
 39 3 1
 39 4 1
 39 5 1
 39 6 1
 39 7 1
 39 8 1
 39 9 1
 39 10 1
 39 13 1
 39 14 1
 39 15 1
 39 16 1
 39 17 1
 39 18 1
 39 19 1
 39 21 1
 39 22 1
 39 23 1
 39 24 1
 39 26 1
 39 28 1
 39 30 1
 39 31 1
 39 35 1
 39 38 1
 39 40 1
 40 1 1
 40 3 1
 40 4 1
 40 5 1
 40 6 1
 40 7 1
 40 11 1
 40 12 1
 40 14 1
 40 16 1
 40 17 1
 40 19 1
 40 21 1
 40 22 1
 40 23 1
 40 24 1
 40 30 1
 40 31 1
 40 32 1
 40 33 1
 40 34 1
 40 36 1
 40 37 1
 40 38 1
 40 39 1


