# Created by Octave 4.2.2, Mon Dec 13 20:30:49 2021 CST <lqg@qiguanglin-LC1>
# name: Map
# type: matrix
# rows: 1410
# columns: 3
 1 4 1
 1 5 1
 1 6 1
 1 7 1
 1 9 1
 1 13 1
 1 14 1
 1 18 1
 1 22 1
 1 23 1
 1 24 1
 1 27 1
 1 31 1
 1 32 1
 1 33 1
 1 34 1
 1 36 1
 1 38 1
 1 39 1
 1 40 1
 1 41 1
 1 42 1
 1 43 1
 1 44 1
 1 45 1
 1 46 1
 1 47 1
 1 48 1
 1 49 1
 2 3 1
 2 5 1
 2 6 1
 2 9 1
 2 14 1
 2 15 1
 2 18 1
 2 20 1
 2 21 1
 2 22 1
 2 24 1
 2 27 1
 2 28 1
 2 31 1
 2 32 1
 2 33 1
 2 35 1
 2 36 1
 2 37 1
 2 39 1
 2 40 1
 2 42 1
 2 44 1
 2 45 1
 2 47 1
 2 48 1
 2 49 1
 2 50 1
 3 5 1
 3 7 1
 3 10 1
 3 11 1
 3 12 1
 3 14 1
 3 15 1
 3 16 1
 3 17 1
 3 18 1
 3 21 1
 3 22 1
 3 23 1
 3 25 1
 3 26 1
 3 27 1
 3 28 1
 3 29 1
 3 31 1
 3 32 1
 3 34 1
 3 35 1
 3 37 1
 3 38 1
 3 39 1
 3 40 1
 3 41 1
 3 43 1
 3 46 1
 3 47 1
 3 48 1
 3 49 1
 3 50 1
 4 1 1
 4 2 1
 4 5 1
 4 6 1
 4 7 1
 4 9 1
 4 10 1
 4 16 1
 4 17 1
 4 18 1
 4 19 1
 4 20 1
 4 21 1
 4 26 1
 4 27 1
 4 30 1
 4 31 1
 4 34 1
 4 35 1
 4 36 1
 4 37 1
 4 40 1
 4 42 1
 4 44 1
 4 49 1
 4 50 1
 5 4 1
 5 6 1
 5 8 1
 5 9 1
 5 10 1
 5 12 1
 5 14 1
 5 18 1
 5 26 1
 5 28 1
 5 31 1
 5 33 1
 5 36 1
 5 38 1
 5 39 1
 5 40 1
 5 41 1
 5 42 1
 5 46 1
 5 47 1
 5 49 1
 5 50 1
 6 2 1
 6 3 1
 6 10 1
 6 15 1
 6 16 1
 6 18 1
 6 19 1
 6 21 1
 6 23 1
 6 24 1
 6 25 1
 6 27 1
 6 28 1
 6 29 1
 6 30 1
 6 32 1
 6 33 1
 6 34 1
 6 35 1
 6 36 1
 6 42 1
 6 44 1
 6 45 1
 6 46 1
 6 47 1
 7 1 1
 7 4 1
 7 9 1
 7 10 1
 7 11 1
 7 12 1
 7 15 1
 7 17 1
 7 19 1
 7 20 1
 7 21 1
 7 22 1
 7 23 1
 7 25 1
 7 26 1
 7 27 1
 7 28 1
 7 29 1
 7 31 1
 7 32 1
 7 33 1
 7 34 1
 7 36 1
 7 39 1
 7 40 1
 7 47 1
 7 48 1
 7 49 1
 7 50 1
 8 1 1
 8 5 1
 8 6 1
 8 12 1
 8 13 1
 8 14 1
 8 15 1
 8 16 1
 8 17 1
 8 18 1
 8 23 1
 8 24 1
 8 26 1
 8 28 1
 8 29 1
 8 30 1
 8 31 1
 8 34 1
 8 35 1
 8 38 1
 8 39 1
 8 41 1
 8 43 1
 8 44 1
 8 47 1
 8 48 1
 8 49 1
 8 50 1
 9 1 1
 9 4 1
 9 7 1
 9 8 1
 9 10 1
 9 12 1
 9 14 1
 9 15 1
 9 16 1
 9 18 1
 9 19 1
 9 20 1
 9 21 1
 9 23 1
 9 24 1
 9 25 1
 9 26 1
 9 27 1
 9 29 1
 9 30 1
 9 31 1
 9 33 1
 9 34 1
 9 35 1
 9 36 1
 9 38 1
 9 39 1
 9 40 1
 9 41 1
 9 42 1
 9 43 1
 9 44 1
 9 45 1
 9 47 1
 9 48 1
 10 5 1
 10 7 1
 10 8 1
 10 12 1
 10 14 1
 10 17 1
 10 19 1
 10 22 1
 10 23 1
 10 24 1
 10 25 1
 10 26 1
 10 30 1
 10 31 1
 10 32 1
 10 33 1
 10 35 1
 10 36 1
 10 38 1
 10 39 1
 10 40 1
 10 41 1
 10 44 1
 10 46 1
 10 49 1
 10 50 1
 11 2 1
 11 5 1
 11 6 1
 11 7 1
 11 17 1
 11 18 1
 11 19 1
 11 20 1
 11 21 1
 11 22 1
 11 23 1
 11 24 1
 11 27 1
 11 29 1
 11 30 1
 11 31 1
 11 32 1
 11 33 1
 11 35 1
 11 37 1
 11 39 1
 11 40 1
 11 41 1
 11 42 1
 11 44 1
 11 45 1
 11 46 1
 11 47 1
 11 48 1
 11 50 1
 12 1 1
 12 2 1
 12 3 1
 12 4 1
 12 6 1
 12 7 1
 12 9 1
 12 16 1
 12 18 1
 12 20 1
 12 23 1
 12 24 1
 12 25 1
 12 26 1
 12 27 1
 12 28 1
 12 31 1
 12 33 1
 12 35 1
 12 36 1
 12 37 1
 12 39 1
 12 40 1
 12 41 1
 12 42 1
 12 43 1
 12 45 1
 12 47 1
 12 48 1
 12 49 1
 13 3 1
 13 4 1
 13 7 1
 13 8 1
 13 9 1
 13 10 1
 13 14 1
 13 15 1
 13 17 1
 13 18 1
 13 27 1
 13 28 1
 13 29 1
 13 30 1
 13 32 1
 13 33 1
 13 36 1
 13 37 1
 13 38 1
 13 39 1
 13 41 1
 13 42 1
 13 43 1
 13 44 1
 13 45 1
 13 46 1
 13 47 1
 13 48 1
 13 49 1
 14 2 1
 14 3 1
 14 4 1
 14 6 1
 14 10 1
 14 12 1
 14 17 1
 14 18 1
 14 19 1
 14 20 1
 14 22 1
 14 23 1
 14 27 1
 14 29 1
 14 30 1
 14 31 1
 14 33 1
 14 36 1
 14 37 1
 14 38 1
 14 39 1
 14 46 1
 14 48 1
 14 50 1
 15 1 1
 15 2 1
 15 3 1
 15 5 1
 15 6 1
 15 11 1
 15 12 1
 15 13 1
 15 14 1
 15 16 1
 15 17 1
 15 20 1
 15 23 1
 15 24 1
 15 27 1
 15 28 1
 15 30 1
 15 31 1
 15 32 1
 15 33 1
 15 36 1
 15 37 1
 15 40 1
 15 43 1
 15 44 1
 15 47 1
 15 48 1
 15 50 1
 16 1 1
 16 5 1
 16 6 1
 16 7 1
 16 8 1
 16 10 1
 16 11 1
 16 15 1
 16 17 1
 16 21 1
 16 22 1
 16 25 1
 16 29 1
 16 31 1
 16 32 1
 16 33 1
 16 34 1
 16 35 1
 16 39 1
 16 40 1
 16 42 1
 16 43 1
 16 46 1
 16 48 1
 16 49 1
 16 50 1
 17 1 1
 17 2 1
 17 3 1
 17 4 1
 17 9 1
 17 10 1
 17 11 1
 17 13 1
 17 14 1
 17 18 1
 17 19 1
 17 21 1
 17 22 1
 17 23 1
 17 26 1
 17 27 1
 17 28 1
 17 31 1
 17 35 1
 17 37 1
 17 38 1
 17 39 1
 17 42 1
 17 43 1
 17 46 1
 17 50 1
 18 1 1
 18 2 1
 18 3 1
 18 4 1
 18 9 1
 18 11 1
 18 12 1
 18 16 1
 18 20 1
 18 22 1
 18 23 1
 18 24 1
 18 25 1
 18 27 1
 18 29 1
 18 30 1
 18 34 1
 18 36 1
 18 42 1
 18 45 1
 18 47 1
 19 1 1
 19 2 1
 19 6 1
 19 7 1
 19 8 1
 19 9 1
 19 11 1
 19 12 1
 19 13 1
 19 14 1
 19 20 1
 19 22 1
 19 23 1
 19 24 1
 19 29 1
 19 30 1
 19 31 1
 19 34 1
 19 35 1
 19 36 1
 19 37 1
 19 38 1
 19 39 1
 19 40 1
 19 41 1
 19 44 1
 19 45 1
 19 46 1
 19 50 1
 20 1 1
 20 2 1
 20 3 1
 20 5 1
 20 7 1
 20 8 1
 20 9 1
 20 11 1
 20 12 1
 20 13 1
 20 14 1
 20 16 1
 20 18 1
 20 19 1
 20 23 1
 20 24 1
 20 25 1
 20 26 1
 20 28 1
 20 29 1
 20 31 1
 20 32 1
 20 35 1
 20 37 1
 20 38 1
 20 40 1
 20 43 1
 20 44 1
 20 45 1
 20 47 1
 20 49 1
 21 2 1
 21 3 1
 21 7 1
 21 9 1
 21 10 1
 21 11 1
 21 12 1
 21 13 1
 21 14 1
 21 16 1
 21 17 1
 21 18 1
 21 19 1
 21 22 1
 21 23 1
 21 24 1
 21 25 1
 21 26 1
 21 29 1
 21 31 1
 21 32 1
 21 34 1
 21 36 1
 21 38 1
 21 39 1
 21 41 1
 21 42 1
 21 45 1
 21 49 1
 21 50 1
 22 2 1
 22 4 1
 22 5 1
 22 6 1
 22 9 1
 22 10 1
 22 11 1
 22 14 1
 22 15 1
 22 16 1
 22 17 1
 22 18 1
 22 20 1
 22 23 1
 22 25 1
 22 29 1
 22 30 1
 22 31 1
 22 32 1
 22 36 1
 22 40 1
 22 41 1
 22 43 1
 22 44 1
 22 47 1
 22 48 1
 22 49 1
 22 50 1
 23 1 1
 23 2 1
 23 6 1
 23 8 1
 23 10 1
 23 17 1
 23 19 1
 23 20 1
 23 22 1
 23 25 1
 23 26 1
 23 27 1
 23 28 1
 23 29 1
 23 34 1
 23 35 1
 23 37 1
 23 38 1
 23 39 1
 23 43 1
 23 46 1
 23 49 1
 24 1 1
 24 3 1
 24 4 1
 24 6 1
 24 8 1
 24 11 1
 24 12 1
 24 14 1
 24 15 1
 24 16 1
 24 17 1
 24 18 1
 24 19 1
 24 20 1
 24 21 1
 24 22 1
 24 23 1
 24 25 1
 24 26 1
 24 27 1
 24 30 1
 24 31 1
 24 35 1
 24 36 1
 24 40 1
 24 42 1
 24 43 1
 24 44 1
 24 45 1
 24 50 1
 25 2 1
 25 3 1
 25 4 1
 25 5 1
 25 6 1
 25 7 1
 25 8 1
 25 9 1
 25 11 1
 25 12 1
 25 13 1
 25 15 1
 25 16 1
 25 17 1
 25 18 1
 25 21 1
 25 22 1
 25 23 1
 25 24 1
 25 26 1
 25 27 1
 25 29 1
 25 32 1
 25 33 1
 25 35 1
 25 37 1
 25 38 1
 25 39 1
 25 44 1
 25 47 1
 25 49 1
 26 2 1
 26 3 1
 26 5 1
 26 7 1
 26 10 1
 26 11 1
 26 12 1
 26 13 1
 26 16 1
 26 17 1
 26 19 1
 26 22 1
 26 24 1
 26 25 1
 26 28 1
 26 36 1
 26 37 1
 26 38 1
 26 39 1
 26 40 1
 26 43 1
 26 44 1
 26 47 1
 26 50 1
 27 2 1
 27 4 1
 27 7 1
 27 9 1
 27 10 1
 27 11 1
 27 13 1
 27 15 1
 27 17 1
 27 19 1
 27 21 1
 27 22 1
 27 25 1
 27 28 1
 27 29 1
 27 30 1
 27 31 1
 27 32 1
 27 34 1
 27 39 1
 27 40 1
 27 41 1
 27 42 1
 27 43 1
 27 44 1
 27 45 1
 27 48 1
 27 49 1
 28 1 1
 28 5 1
 28 6 1
 28 7 1
 28 8 1
 28 9 1
 28 14 1
 28 16 1
 28 18 1
 28 20 1
 28 23 1
 28 25 1
 28 29 1
 28 30 1
 28 33 1
 28 34 1
 28 35 1
 28 36 1
 28 37 1
 28 39 1
 28 40 1
 28 43 1
 28 44 1
 28 46 1
 28 47 1
 28 48 1
 28 50 1
 29 1 1
 29 9 1
 29 10 1
 29 11 1
 29 12 1
 29 13 1
 29 14 1
 29 15 1
 29 18 1
 29 19 1
 29 20 1
 29 25 1
 29 27 1
 29 28 1
 29 31 1
 29 35 1
 29 37 1
 29 39 1
 29 42 1
 29 44 1
 29 46 1
 30 2 1
 30 3 1
 30 4 1
 30 5 1
 30 6 1
 30 7 1
 30 8 1
 30 9 1
 30 15 1
 30 16 1
 30 17 1
 30 19 1
 30 21 1
 30 22 1
 30 24 1
 30 25 1
 30 27 1
 30 28 1
 30 29 1
 30 32 1
 30 33 1
 30 37 1
 30 38 1
 30 39 1
 30 40 1
 30 43 1
 30 46 1
 30 48 1
 30 49 1
 30 50 1
 31 6 1
 31 7 1
 31 8 1
 31 9 1
 31 10 1
 31 11 1
 31 14 1
 31 15 1
 31 16 1
 31 17 1
 31 19 1
 31 20 1
 31 21 1
 31 22 1
 31 24 1
 31 26 1
 31 32 1
 31 33 1
 31 34 1
 31 37 1
 31 38 1
 31 39 1
 31 40 1
 31 41 1
 31 42 1
 31 44 1
 31 46 1
 31 47 1
 31 48 1
 31 49 1
 32 3 1
 32 4 1
 32 5 1
 32 9 1
 32 10 1
 32 12 1
 32 13 1
 32 15 1
 32 16 1
 32 17 1
 32 18 1
 32 19 1
 32 20 1
 32 21 1
 32 22 1
 32 23 1
 32 25 1
 32 26 1
 32 28 1
 32 29 1
 32 31 1
 32 33 1
 32 35 1
 32 36 1
 32 38 1
 32 39 1
 32 42 1
 32 44 1
 32 45 1
 32 46 1
 32 47 1
 32 48 1
 32 49 1
 32 50 1
 33 1 1
 33 2 1
 33 3 1
 33 4 1
 33 5 1
 33 6 1
 33 8 1
 33 9 1
 33 13 1
 33 18 1
 33 19 1
 33 20 1
 33 21 1
 33 22 1
 33 23 1
 33 24 1
 33 26 1
 33 28 1
 33 29 1
 33 30 1
 33 32 1
 33 37 1
 33 39 1
 33 44 1
 33 45 1
 33 47 1
 33 49 1
 33 50 1
 34 4 1
 34 6 1
