# Created by Octave 4.2.2, Mon Dec 13 20:30:28 2021 CST <lqg@qiguanglin-LC1>
# name: Map
# type: matrix
# rows: 496
# columns: 3
 1 2 1
 1 4 1
 1 5 1
 1 6 1
 1 8 1
 1 9 1
 1 10 1
 1 11 1
 1 12 1
 1 16 1
 1 17 1
 1 18 1
 1 19 1
 1 20 1
 1 21 1
 1 22 1
 1 24 1
 1 25 1
 1 26 1
 1 27 1
 1 29 1
 2 3 1
 2 4 1
 2 6 1
 2 7 1
 2 9 1
 2 10 1
 2 12 1
 2 15 1
 2 19 1
 2 20 1
 2 21 1
 2 26 1
 2 27 1
 2 29 1
 3 1 1
 3 2 1
 3 4 1
 3 5 1
 3 6 1
 3 7 1
 3 8 1
 3 9 1
 3 10 1
 3 11 1
 3 14 1
 3 16 1
 3 17 1
 3 18 1
 3 20 1
 3 21 1
 3 22 1
 3 23 1
 3 24 1
 3 26 1
 3 27 1
 3 29 1
 3 30 1
 4 1 1
 4 2 1
 4 3 1
 4 5 1
 4 9 1
 4 13 1
 4 14 1
 4 15 1
 4 16 1
 4 17 1
 4 18 1
 4 20 1
 4 25 1
 4 27 1
 4 28 1
 4 29 1
 4 30 1
 5 1 1
 5 3 1
 5 6 1
 5 9 1
 5 10 1
 5 11 1
 5 15 1
 5 16 1
 5 18 1
 5 19 1
 5 21 1
 5 22 1
 5 23 1
 5 25 1
 5 27 1
 5 28 1
 6 2 1
 6 8 1
 6 9 1
 6 10 1
 6 12 1
 6 14 1
 6 15 1
 6 16 1
 6 18 1
 6 19 1
 6 21 1
 6 24 1
 6 25 1
 6 26 1
 6 27 1
 6 28 1
 6 29 1
 7 1 1
 7 2 1
 7 4 1
 7 5 1
 7 6 1
 7 8 1
 7 10 1
 7 11 1
 7 13 1
 7 14 1
 7 16 1
 7 17 1
 7 21 1
 7 22 1
 7 23 1
 7 24 1
 7 26 1
 7 28 1
 7 29 1
 7 30 1
 8 6 1
 8 9 1
 8 10 1
 8 12 1
 8 13 1
 8 14 1
 8 15 1
 8 16 1
 8 17 1
 8 21 1
 8 23 1
 8 24 1
 8 25 1
 8 27 1
 8 28 1
 8 29 1
 8 30 1
 9 1 1
 9 3 1
 9 5 1
 9 7 1
 9 8 1
 9 11 1
 9 12 1
 9 13 1
 9 14 1
 9 15 1
 9 16 1
 9 18 1
 9 22 1
 9 23 1
 9 24 1
 9 25 1
 9 26 1
 9 27 1
 9 28 1
 9 29 1
 9 30 1
 10 3 1
 10 5 1
 10 6 1
 10 7 1
 10 8 1
 10 9 1
 10 11 1
 10 12 1
 10 13 1
 10 14 1
 10 15 1
 10 18 1
 10 21 1
 10 24 1
 10 25 1
 10 28 1
 10 29 1
 11 3 1
 11 4 1
 11 5 1
 11 7 1
 11 8 1
 11 9 1
 11 13 1
 11 18 1
 11 21 1
 11 23 1
 11 26 1
 11 27 1
 12 2 1
 12 7 1
 12 8 1
 12 10 1
 12 11 1
 12 13 1
 12 14 1
 12 15 1
 12 16 1
 12 17 1
 12 18 1
 12 19 1
 12 20 1
 12 21 1
 12 22 1
 12 23 1
 12 27 1
 12 28 1
 12 30 1
 13 4 1
 13 7 1
 13 8 1
 13 9 1
 13 12 1
 13 14 1
 13 15 1
 13 17 1
 13 18 1
 13 19 1
 13 21 1
 13 22 1
 13 24 1
 13 26 1
 13 27 1
 13 29 1
 13 30 1
 14 1 1
 14 2 1
 14 4 1
 14 5 1
 14 8 1
 14 9 1
 14 11 1
 14 12 1
 14 17 1
 14 18 1
 14 19 1
 14 20 1
 14 21 1
 14 22 1
 14 27 1
 14 29 1
 14 30 1
 15 2 1
 15 3 1
 15 4 1
 15 6 1
 15 9 1
 15 10 1
 15 11 1
 15 12 1
 15 17 1
 15 20 1
 15 22 1
 15 23 1
 15 24 1
 15 26 1
 15 27 1
 15 28 1
 15 29 1
 16 4 1
 16 5 1
 16 6 1
 16 9 1
 16 10 1
 16 11 1
 16 13 1
 16 18 1
 16 19 1
 16 20 1
 16 21 1
 16 24 1
 16 25 1
 17 1 1
 17 2 1
 17 3 1
 17 6 1
 17 7 1
 17 12 1
 17 14 1
 17 15 1
 17 16 1
 17 21 1
 17 22 1
 17 24 1
 17 25 1
 17 26 1
 17 28 1
 17 29 1
 18 1 1
 18 2 1
 18 3 1
 18 4 1
 18 5 1
 18 8 1
 18 9 1
 18 11 1
 18 12 1
 18 16 1
 18 17 1
 18 19 1
 18 20 1
 18 22 1
 18 23 1
 18 24 1
 18 25 1
 18 29 1
 18 30 1
 19 1 1
 19 2 1
 19 3 1
 19 5 1
 19 9 1
 19 10 1
 19 11 1
 19 12 1
 19 14 1
 19 16 1
 19 17 1
 19 18 1
 19 20 1
 19 21 1
 19 22 1
 19 23 1
 19 24 1
 19 25 1
 19 29 1
 19 30 1
 20 2 1
 20 3 1
 20 5 1
 20 7 1
 20 11 1
 20 12 1
 20 13 1
 20 15 1
 20 16 1
 20 17 1
 20 19 1
 20 22 1
 20 23 1
 20 26 1
 20 28 1
 20 29 1
 20 30 1
 21 1 1
 21 2 1
 21 3 1
 21 7 1
 21 11 1
 21 12 1
 21 13 1
 21 14 1
 21 16 1
 21 17 1
 21 18 1
 21 19 1
 21 22 1
 21 23 1
 21 24 1
 21 27 1
 21 28 1
 21 29 1
 22 2 1
 22 3 1
 22 4 1
 22 5 1
 22 8 1
 22 9 1
 22 11 1
 22 14 1
 22 15 1
 22 16 1
 22 17 1
 22 18 1
 22 19 1
 22 21 1
 22 23 1
 22 27 1
 22 28 1
 22 30 1
 23 2 1
 23 4 1
 23 10 1
 23 13 1
 23 14 1
 23 17 1
 23 19 1
 23 20 1
 23 26 1
 23 27 1
 23 28 1
 23 30 1
 24 1 1
 24 3 1
 24 4 1
 24 6 1
 24 8 1
 24 9 1
 24 12 1
 24 13 1
 24 18 1
 24 19 1
 24 21 1
 24 23 1
 24 27 1
 24 30 1
 25 1 1
 25 3 1
 25 5 1
 25 10 1
 25 11 1
 25 13 1
 25 14 1
 25 16 1
 25 18 1
 25 20 1
 25 21 1
 25 23 1
 26 1 1
 26 2 1
 26 6 1
 26 9 1
 26 10 1
 26 12 1
 26 14 1
 26 15 1
 26 16 1
 26 18 1
 26 21 1
 26 22 1
 26 24 1
 26 27 1
 26 29 1
 27 4 1
 27 6 1
 27 7 1
 27 8 1
 27 9 1
 27 11 1
 27 14 1
 27 15 1
 27 19 1
 27 20 1
 27 21 1
 27 23 1
 27 25 1
 27 28 1
 27 30 1
 28 2 1
 28 3 1
 28 4 1
 28 7 1
 28 8 1
 28 11 1
 28 14 1
 28 17 1
 28 19 1
 28 20 1
 28 21 1
 28 23 1
 28 25 1
 28 26 1
 28 27 1
 28 30 1
 29 1 1
 29 4 1
 29 5 1
 29 8 1
 29 10 1
 29 12 1
 29 14 1
 29 15 1
 29 17 1
 29 18 1
 29 22 1
 29 25 1
 29 26 1
 29 27 1
 30 1 1
 30 5 1
 30 6 1
 30 10 1
 30 11 1
 30 14 1
 30 16 1
 30 17 1
 30 18 1
 30 22 1
 30 25 1
 30 27 1


