# Created by Octave 4.2.2, Mon Dec 13 20:30:32 2021 CST <lqg@qiguanglin-LC1>
# name: Map
# type: matrix
# rows: 944
# columns: 3
 1 2 1
 1 3 1
 1 5 1
 1 6 1
 1 7 1
 1 8 1
 1 9 1
 1 10 1
 1 14 1
 1 15 1
 1 16 1
 1 18 1
 1 19 1
 1 20 1
 1 22 1
 1 23 1
 1 26 1
 1 28 1
 1 29 1
 1 31 1
 1 32 1
 1 34 1
 1 37 1
 1 38 1
 1 39 1
 1 40 1
 2 6 1
 2 7 1
 2 9 1
 2 10 1
 2 11 1
 2 12 1
 2 13 1
 2 14 1
 2 15 1
 2 16 1
 2 17 1
 2 18 1
 2 19 1
 2 21 1
 2 23 1
 2 24 1
 2 27 1
 2 28 1
 2 29 1
 2 30 1
 2 31 1
 2 32 1
 2 34 1
 2 39 1
 2 40 1
 3 8 1
 3 9 1
 3 10 1
 3 11 1
 3 14 1
 3 15 1
 3 16 1
 3 17 1
 3 18 1
 3 19 1
 3 20 1
 3 22 1
 3 26 1
 3 29 1
 3 30 1
 3 33 1
 3 34 1
 3 35 1
 3 36 1
 3 37 1
 3 39 1
 4 1 1
 4 3 1
 4 5 1
 4 9 1
 4 12 1
 4 14 1
 4 15 1
 4 17 1
 4 18 1
 4 20 1
 4 25 1
 4 26 1
 4 27 1
 4 28 1
 4 30 1
 4 33 1
 4 34 1
 4 35 1
 4 36 1
 4 37 1
 4 38 1
 4 39 1
 5 2 1
 5 4 1
 5 6 1
 5 7 1
 5 9 1
 5 10 1
 5 14 1
 5 15 1
 5 19 1
 5 21 1
 5 22 1
 5 23 1
 5 24 1
 5 26 1
 5 27 1
 5 28 1
 5 29 1
 5 31 1
 5 32 1
 5 33 1
 5 35 1
 5 37 1
 5 38 1
 5 40 1
 6 1 1
 6 3 1
 6 4 1
 6 5 1
 6 7 1
 6 8 1
 6 9 1
 6 10 1
 6 11 1
 6 12 1
 6 13 1
 6 14 1
 6 15 1
 6 17 1
 6 18 1
 6 19 1
 6 21 1
 6 23 1
 6 24 1
 6 25 1
 6 27 1
 6 28 1
 6 31 1
 6 33 1
 6 34 1
 6 35 1
 6 37 1
 6 38 1
 6 40 1
 7 1 1
 7 3 1
 7 4 1
 7 5 1
 7 6 1
 7 8 1
 7 10 1
 7 11 1
 7 12 1
 7 14 1
 7 15 1
 7 20 1
 7 23 1
 7 25 1
 7 27 1
 7 28 1
 7 30 1
 7 33 1
 7 35 1
 7 37 1
 7 38 1
 7 39 1
 7 40 1
 8 1 1
 8 4 1
 8 5 1
 8 7 1
 8 10 1
 8 12 1
 8 14 1
 8 16 1
 8 18 1
 8 19 1
 8 21 1
 8 22 1
 8 23 1
 8 26 1
 8 28 1
 8 32 1
 8 36 1
 8 38 1
 8 40 1
 9 1 1
 9 2 1
 9 4 1
 9 5 1
 9 6 1
 9 11 1
 9 13 1
 9 14 1
 9 15 1
 9 16 1
 9 18 1
 9 20 1
 9 21 1
 9 22 1
 9 24 1
 9 27 1
 9 28 1
 9 29 1
 9 30 1
 9 31 1
 9 32 1
 9 33 1
 9 34 1
 9 37 1
 9 38 1
 9 40 1
 10 3 1
 10 4 1
 10 5 1
 10 7 1
 10 8 1
 10 9 1
 10 11 1
 10 12 1
 10 14 1
 10 15 1
 10 16 1
 10 17 1
 10 18 1
 10 20 1
 10 22 1
 10 24 1
 10 26 1
 10 29 1
 10 33 1
 10 35 1
 10 36 1
 10 37 1
 10 39 1
 10 40 1
 11 2 1
 11 4 1
 11 5 1
 11 6 1
 11 7 1
 11 12 1
 11 16 1
 11 17 1
 11 20 1
 11 21 1
 11 22 1
 11 23 1
 11 24 1
 11 25 1
 11 26 1
 11 27 1
 11 28 1
 11 30 1
 11 31 1
 11 32 1
 11 33 1
 11 35 1
 11 37 1
 11 38 1
 11 40 1
 12 1 1
 12 2 1
 12 3 1
 12 4 1
 12 5 1
 12 6 1
 12 9 1
 12 10 1
 12 11 1
 12 14 1
 12 15 1
 12 17 1
 12 19 1
 12 21 1
 12 22 1
 12 23 1
 12 26 1
 12 28 1
 12 29 1
 12 32 1
 12 33 1
 12 35 1
 12 36 1
 13 2 1
 13 4 1
 13 6 1
 13 7 1
 13 9 1
 13 12 1
 13 14 1
 13 17 1
 13 20 1
 13 22 1
 13 24 1
 13 25 1
 13 28 1
 13 31 1
 13 32 1
 13 34 1
 13 36 1
 13 37 1
 13 40 1
 14 2 1
 14 3 1
 14 4 1
 14 5 1
 14 6 1
 14 7 1
 14 10 1
 14 11 1
 14 12 1
 14 13 1
 14 17 1
 14 18 1
 14 20 1
 14 22 1
 14 25 1
 14 27 1
 14 29 1
 14 30 1
 14 37 1
 14 39 1
 14 40 1
 15 1 1
 15 3 1
 15 4 1
 15 5 1
 15 6 1
 15 7 1
 15 8 1
 15 12 1
 15 14 1
 15 16 1
 15 17 1
 15 18 1
 15 20 1
 15 23 1
 15 24 1
 15 26 1
 15 27 1
 15 29 1
 15 30 1
 15 33 1
 15 34 1
 15 35 1
 15 37 1
 15 38 1
 16 1 1
 16 2 1
 16 3 1
 16 4 1
 16 5 1
 16 6 1
 16 7 1
 16 8 1
 16 9 1
 16 10 1
 16 12 1
 16 14 1
 16 15 1
 16 17 1
 16 21 1
 16 22 1
 16 23 1
 16 24 1
 16 25 1
 16 26 1
 16 28 1
 16 30 1
 16 31 1
 16 32 1
 16 34 1
 16 35 1
 16 37 1
 16 38 1
 16 39 1
 16 40 1
 17 1 1
 17 2 1
 17 3 1
 17 4 1
 17 7 1
 17 8 1
 17 12 1
 17 13 1
 17 14 1
 17 16 1
 17 19 1
 17 22 1
 17 23 1
 17 24 1
 17 25 1
 17 27 1
 17 28 1
 17 29 1
 17 30 1
 17 31 1
 17 34 1
 17 35 1
 17 37 1
 17 38 1
 17 39 1
 18 2 1
 18 3 1
 18 7 1
 18 9 1
 18 10 1
 18 12 1
 18 13 1
 18 21 1
 18 22 1
 18 24 1
 18 26 1
 18 28 1
 18 29 1
 18 31 1
 18 36 1
 18 37 1
 18 40 1
 19 1 1
 19 2 1
 19 7 1
 19 9 1
 19 11 1
 19 13 1
 19 15 1
 19 16 1
 19 17 1
 19 20 1
 19 21 1
 19 22 1
 19 23 1
 19 24 1
 19 25 1
 19 26 1
 19 27 1
 19 28 1
 19 29 1
 19 30 1
 19 32 1
 19 34 1
 19 35 1
 19 36 1
 19 38 1
 19 39 1
 19 40 1
 20 1 1
 20 2 1
 20 5 1
 20 6 1
 20 7 1
 20 8 1
 20 9 1
 20 11 1
 20 12 1
 20 13 1
 20 14 1
 20 15 1
 20 17 1
 20 18 1
 20 21 1
 20 22 1
 20 24 1
 20 25 1
 20 26 1
 20 27 1
 20 28 1
 20 30 1
 20 31 1
 20 33 1
 20 34 1
 20 36 1
 20 40 1
 21 2 1
 21 5 1
 21 7 1
 21 8 1
 21 10 1
 21 11 1
 21 13 1
 21 15 1
 21 17 1
 21 18 1
 21 19 1
 21 20 1
 21 23 1
 21 25 1
 21 27 1
 21 28 1
 21 30 1
 21 32 1
 21 33 1
 21 34 1
 21 35 1
 21 36 1
 21 37 1
 21 38 1
 22 2 1
 22 3 1
 22 4 1
 22 8 1
 22 10 1
 22 11 1
 22 13 1
 22 16 1
 22 17 1
 22 18 1
 22 19 1
 22 24 1
 22 25 1
 22 26 1
 22 27 1
 22 28 1
 22 29 1
 22 30 1
 22 31 1
 22 33 1
 22 36 1
 22 37 1
 22 38 1
 22 39 1
 23 3 1
 23 4 1
 23 7 1
 23 10 1
 23 12 1
 23 13 1
 23 21 1
 23 22 1
 23 24 1
 23 25 1
 23 27 1
 23 29 1
 23 34 1
 23 36 1
 23 40 1
 24 1 1
 24 3 1
 24 4 1
 24 5 1
 24 10 1
 24 12 1
 24 13 1
 24 16 1
 24 17 1
 24 18 1
 24 21 1
 24 22 1
 24 25 1
 24 26 1
 24 29 1
 24 30 1
 24 31 1
 24 32 1
 24 34 1
 24 35 1
 24 38 1
 24 40 1
 25 1 1
 25 3 1
 25 4 1
 25 5 1
 25 6 1
 25 8 1
 25 9 1
 25 11 1
 25 12 1
 25 13 1
 25 14 1
 25 17 1
 25 18 1
 25 20 1
 25 21 1
 25 22 1
 25 23 1
 25 24 1
 25 28 1
 25 29 1
 25 30 1
 25 31 1
 25 32 1
 25 33 1
 25 34 1
 25 37 1
 25 38 1
 26 1 1
 26 3 1
 26 5 1
 26 6 1
 26 7 1
 26 10 1
 26 11 1
 26 12 1
 26 14 1
 26 15 1
 26 17 1
 26 18 1
 26 20 1
 26 21 1
 26 25 1
 26 27 1
 26 32 1
 26 33 1
 26 34 1
 26 35 1
 26 36 1
 26 38 1
 26 39 1
 27 1 1
 27 3 1
 27 4 1
 27 5 1
 27 6 1
 27 7 1
 27 8 1
 27 10 1
 27 11 1
 27 14 1
 27 15 1
 27 16 1
 27 19 1
 27 21 1
 27 22 1
 27 23 1
 27 26 1
 27 28 1
 27 29 1
 27 31 1
 27 32 1
 27 34 1
 27 35 1
 27 37 1
 27 38 1
 27 39 1
 28 2 1
 28 8 1
 28 9 1
 28 11 1
 28 13 1
 28 16 1
 28 17 1
 28 19 1
 28 20 1
 28 22 1
 28 25 1
 28 26 1
 28 29 1
 28 30 1
 28 31 1
 28 34 1
 28 35 1
 28 36 1
 28 37 1
 28 38 1
 28 40 1
 29 1 1
 29 4 1
 29 6 1
 29 7 1
 29 8 1
 29 13 1
 29 15 1
 29 17 1
 29 19 1
 29 21 1
 29 22 1
 29 23 1
 29 24 1
 29 25 1
 29 27 1
 29 28 1
 29 32 1
 29 33 1
 29 36 1
 29 37 1
 29 40 1
 30 3 1
 30 5 1
 30 6 1
 30 8 1
 30 9 1
 30 11 1
 30 12 1
 30 13 1
 30 14 1
 30 17 1
 30 18 1
 30 19 1
 30 20 1
 30 22 1
 30 26 1
 30 28 1
 30 29 1
 30 31 1
 30 32 1
 30 34 1
 30 35 1
 30 38 1
 30 39 1
 31 1 1
 31 5 1
 31 6 1
 31 7 1
 31 9 1
 31 11 1
 31 12 1
 31 14 1
 31 15 1
 31 16 1
 31 17 1
 31 18 1
 31 22 1
 31 23 1
 31 24 1
 31 25 1
 31 27 1
 31 28 1
 31 32 1
 31 33 1
 31 36 1
 31 38 1
 31 39 1
 31 40 1
 32 1 1
 32 5 1
 32 6 1
 32 7 1
 32 9 1
 32 10 1
 32 11 1
 32 14 1
 32 15 1
 32 16 1
 32 22 1
 32 23 1
 32 25 1
 32 26 1
 32 29 1
 32 30 1
 32 31 1
 32 37 1
 32 40 1
 33 7 1
 33 8 1
 33 10 1
 33 11 1
 33 12 1
 33 13 1
 33 14 1
 33 16 1
 33 17 1
 33 20 1
 33 21 1
 33 22 1
 33 23 1
 33 24 1
 33 26 1
 33 27 1
 33 28 1
 33 30 1
 33 37 1
 33 39 1
 33 40 1
 34 1 1
 34 2 1
 34 4 1
 34 5 1
 34 6 1
 34 8 1
 34 10 1
 34 11 1
 34 13 1
 34 16 1
 34 22 1
 34 23 1
 34 24 1
 34 25 1
 34 26 1
 34 27 1
 34 28 1
 34 30 1
 34 31 1
 34 32 1
 34 33 1
 34 35 1
 34 36 1
 34 37 1
 34 39 1
 34 40 1
 35 2 1
 35 5 1
 35 6 1
 35 8 1
 35 9 1
 35 10 1
 35 11 1
 35 12 1
 35 13 1
 35 14 1
 35 15 1
 35 16 1
 35 19 1
 35 20 1
 35 24 1
 35 25 1
 35 28 1
 35 31 1
 35 33 1
 35 37 1
 35 38 1
 35 39 1
 35 40 1
 36 1 1
 36 2 1
 36 3 1
 36 4 1
 36 5 1
 36 6 1
 36 7 1
 36 8 1
 36 9 1
 36 10 1
 36 11 1
 36 12 1
 36 13 1
 36 14 1
 36 18 1
 36 19 1
 36 21 1
 36 22 1
 36 24 1
 36 25 1
 36 26 1
 36 27 1
 36 29 1
 36 32 1
 36 35 1
 36 37 1
 36 39 1
 37 3 1
 37 8 1
 37 9 1
 37 11 1
 37 14 1
 37 17 1
 37 18 1
 37 19 1
 37 21 1
 37 22 1
 37 23 1
 37 24 1
 37 25 1
 37 26 1
 37 27 1
 37 29 1
 37 30 1
 37 31 1
 37 33 1
 37 34 1
 37 35 1
 37 38 1
 37 40 1
 38 1 1
 38 2 1
 38 3 1
 38 4 1
 38 6 1
 38 9 1
 38 15 1
 38 16 1
 38 17 1
 38 18 1
 38 19 1
 38 21 1
 38 22 1
 38 23 1
 38 24 1
 38 25 1
 38 26 1
 38 27 1
 38 28 1
 38 30 1
 38 31 1
 38 32 1
 38 33 1
 38 35 1
 38 36 1
 38 39 1
 39 1 1
 39 5 1
 39 6 1
 39 7 1
 39 9 1
 39 10 1
 39 11 1
 39 13 1
 39 16 1
 39 18 1
 39 19 1
 39 20 1
 39 21 1
 39 24 1
 39 26 1
 39 27 1
 39 28 1
 39 29 1
 39 30 1
 39 32 1
 39 33 1
 39 34 1
 39 35 1
 39 36 1
 39 37 1
 39 38 1
 39 40 1
 40 1 1
 40 2 1
