# Created by Octave 4.2.2, Mon Dec 13 20:30:23 2021 CST <lqg@qiguanglin-LC1>
# name: Map
# type: matrix
# rows: 223
# columns: 3
 1 2 1
 1 6 1
 1 7 1
 1 8 1
 1 12 1
 1 13 1
 1 14 1
 1 15 1
 1 17 1
 1 20 1
 2 3 1
 2 4 1
 2 5 1
 2 6 1
 2 8 1
 2 11 1
 2 12 1
 2 14 1
 2 15 1
 2 16 1
 2 17 1
 2 19 1
 3 1 1
 3 2 1
 3 5 1
 3 6 1
 3 7 1
 3 8 1
 3 10 1
 3 11 1
 3 12 1
 3 13 1
 3 14 1
 3 15 1
 3 16 1
 3 18 1
 3 20 1
 4 2 1
 4 3 1
 4 5 1
 4 8 1
 4 9 1
 4 11 1
 4 12 1
 4 13 1
 4 15 1
 4 17 1
 4 18 1
 5 3 1
 5 4 1
 5 6 1
 5 9 1
 5 10 1
 5 14 1
 5 16 1
 5 17 1
 5 20 1
 6 1 1
 6 2 1
 6 5 1
 6 8 1
 6 9 1
 6 10 1
 6 13 1
 6 14 1
 6 16 1
 6 17 1
 6 19 1
 7 1 1
 7 3 1
 7 4 1
 7 5 1
 7 6 1
 7 8 1
 7 9 1
 7 11 1
 7 12 1
 7 15 1
 7 17 1
 7 19 1
 7 20 1
 8 1 1
 8 3 1
 8 4 1
 8 7 1
 8 9 1
 8 10 1
 8 12 1
 8 13 1
 8 14 1
 8 15 1
 8 16 1
 8 17 1
 8 20 1
 9 1 1
 9 3 1
 9 6 1
 9 8 1
 9 11 1
 9 12 1
 9 13 1
 9 15 1
 9 16 1
 9 17 1
 10 1 1
 10 4 1
 10 5 1
 10 7 1
 10 9 1
 10 11 1
 10 12 1
 10 13 1
 10 14 1
 10 17 1
 10 20 1
 11 2 1
 11 5 1
 11 7 1
 11 8 1
 11 10 1
 11 12 1
 11 13 1
 11 14 1
 11 15 1
 11 16 1
 11 17 1
 11 18 1
 11 19 1
 12 3 1
 12 6 1
 12 8 1
 12 9 1
 12 10 1
 12 11 1
 12 15 1
 12 16 1
 12 18 1
 12 19 1
 12 20 1
 13 1 1
 13 2 1
 13 3 1
 13 5 1
 13 6 1
 13 8 1
 13 9 1
 13 11 1
 13 14 1
 13 15 1
 13 16 1
 13 18 1
 13 19 1
 13 20 1
 14 1 1
 14 3 1
 14 6 1
 14 7 1
 14 9 1
 14 10 1
 14 12 1
 14 13 1
 14 15 1
 14 17 1
 14 20 1
 15 1 1
 15 2 1
 15 3 1
 15 5 1
 15 6 1
 15 9 1
 15 11 1
 15 13 1
 15 16 1
 15 19 1
 16 6 1
 16 7 1
 16 8 1
 16 11 1
 16 12 1
 16 13 1
 16 14 1
 16 15 1
 16 20 1
 17 1 1
 17 3 1
 17 8 1
 17 13 1
 17 16 1
 17 18 1
 17 20 1
 18 2 1
 18 3 1
 18 4 1
 18 6 1
 18 8 1
 18 12 1
 18 13 1
 18 14 1
 18 15 1
 18 16 1
 18 19 1
 18 20 1
 19 4 1
 19 5 1
 19 7 1
 19 9 1
 19 10 1
 19 12 1
 19 13 1
 19 14 1
 19 15 1
 19 16 1
 19 17 1
 20 1 1
 20 4 1
 20 5 1
 20 6 1
 20 8 1
 20 11 1
 20 13 1
 20 14 1
 20 15 1
 20 17 1


