# Created by Octave 4.2.2, Mon Dec 13 20:30:22 2021 CST <lqg@qiguanglin-LC1>
# name: Map
# type: matrix
# rows: 45
# columns: 3
 1 2 1
 1 3 1
 1 4 1
 1 7 1
 1 8 1
 1 10 1
 2 3 1
 2 4 1
 2 7 1
 2 8 1
 3 2 1
 3 6 1
 3 8 1
 3 9 1
 4 2 1
 4 3 1
 4 7 1
 4 9 1
 4 10 1
 5 2 1
 5 7 1
 5 9 1
 6 4 1
 6 8 1
 6 9 1
 7 1 1
 7 2 1
 7 5 1
 7 6 1
 7 8 1
 8 1 1
 8 2 1
 8 3 1
 8 4 1
 8 5 1
 8 9 1
 9 1 1
 9 3 1
 9 4 1
 9 5 1
 9 7 1
 9 8 1
 10 2 1
 10 8 1
 10 9 1


