# Created by Octave 4.2.2, Mon Dec 13 20:30:39 2021 CST <lqg@qiguanglin-LC1>
# name: Map
# type: matrix
# rows: 1454
# columns: 3
 1 2 1
 1 3 1
 1 6 1
 1 7 1
 1 8 1
 1 9 1
 1 10 1
 1 12 1
 1 13 1
 1 14 1
 1 16 1
 1 17 1
 1 18 1
 1 20 1
 1 21 1
 1 22 1
 1 23 1
 1 24 1
 1 25 1
 1 26 1
 1 29 1
 1 31 1
 1 32 1
 1 33 1
 1 34 1
 1 36 1
 1 37 1
 1 38 1
 1 39 1
 1 42 1
 1 44 1
 1 45 1
 1 46 1
 1 49 1
 1 50 1
 2 1 1
 2 6 1
 2 7 1
 2 8 1
 2 10 1
 2 11 1
 2 12 1
 2 13 1
 2 14 1
 2 15 1
 2 17 1
 2 18 1
 2 19 1
 2 23 1
 2 24 1
 2 25 1
 2 26 1
 2 28 1
 2 30 1
 2 34 1
 2 35 1
 2 38 1
 2 42 1
 2 43 1
 2 44 1
 2 45 1
 2 46 1
 2 47 1
 2 49 1
 2 50 1
 3 1 1
 3 2 1
 3 4 1
 3 5 1
 3 7 1
 3 9 1
 3 10 1
 3 11 1
 3 14 1
 3 15 1
 3 17 1
 3 22 1
 3 24 1
 3 26 1
 3 27 1
 3 28 1
 3 30 1
 3 32 1
 3 33 1
 3 35 1
 3 36 1
 3 38 1
 3 39 1
 3 40 1
 3 43 1
 3 45 1
 3 46 1
 3 47 1
 3 48 1
 3 49 1
 4 1 1
 4 6 1
 4 7 1
 4 8 1
 4 10 1
 4 12 1
 4 13 1
 4 15 1
 4 17 1
 4 18 1
 4 19 1
 4 22 1
 4 23 1
 4 24 1
 4 25 1
 4 26 1
 4 28 1
 4 29 1
 4 30 1
 4 31 1
 4 32 1
 4 33 1
 4 35 1
 4 39 1
 4 40 1
 4 42 1
 4 43 1
 4 44 1
 4 45 1
 4 46 1
 4 47 1
 4 49 1
 5 1 1
 5 3 1
 5 4 1
 5 12 1
 5 13 1
 5 14 1
 5 16 1
 5 18 1
 5 21 1
 5 22 1
 5 23 1
 5 24 1
 5 25 1
 5 26 1
 5 27 1
 5 30 1
 5 32 1
 5 33 1
 5 40 1
 5 41 1
 5 42 1
 5 43 1
 5 44 1
 5 45 1
 5 46 1
 5 48 1
 5 49 1
 6 3 1
 6 5 1
 6 8 1
 6 9 1
 6 11 1
 6 13 1
 6 15 1
 6 17 1
 6 18 1
 6 19 1
 6 20 1
 6 21 1
 6 22 1
 6 23 1
 6 30 1
 6 34 1
 6 39 1
 6 41 1
 6 42 1
 6 44 1
 6 45 1
 6 46 1
 6 47 1
 6 48 1
 7 1 1
 7 4 1
 7 5 1
 7 9 1
 7 10 1
 7 12 1
 7 13 1
 7 15 1
 7 16 1
 7 17 1
 7 18 1
 7 20 1
 7 21 1
 7 23 1
 7 24 1
 7 25 1
 7 27 1
 7 28 1
 7 29 1
 7 30 1
 7 31 1
 7 32 1
 7 33 1
 7 34 1
 7 39 1
 7 41 1
 7 43 1
 7 48 1
 7 50 1
 8 2 1
 8 3 1
 8 4 1
 8 7 1
 8 11 1
 8 13 1
 8 14 1
 8 15 1
 8 16 1
 8 18 1
 8 19 1
 8 20 1
 8 21 1
 8 24 1
 8 27 1
 8 28 1
 8 30 1
 8 31 1
 8 33 1
 8 35 1
 8 39 1
 8 40 1
 8 41 1
 8 42 1
 8 43 1
 8 45 1
 8 46 1
 8 47 1
 8 50 1
 9 1 1
 9 3 1
 9 4 1
 9 5 1
 9 7 1
 9 8 1
 9 10 1
 9 11 1
 9 16 1
 9 17 1
 9 19 1
 9 20 1
 9 21 1
 9 23 1
 9 24 1
 9 28 1
 9 29 1
 9 30 1
 9 31 1
 9 32 1
 9 33 1
 9 34 1
 9 35 1
 9 40 1
 9 41 1
 9 43 1
 9 44 1
 9 46 1
 9 47 1
 10 1 1
 10 3 1
 10 5 1
 10 6 1
 10 12 1
 10 13 1
 10 14 1
 10 15 1
 10 16 1
 10 18 1
 10 19 1
 10 20 1
 10 21 1
 10 23 1
 10 24 1
 10 25 1
 10 29 1
 10 30 1
 10 31 1
 10 34 1
 10 36 1
 10 38 1
 10 41 1
 10 44 1
 10 45 1
 10 46 1
 10 48 1
 10 49 1
 10 50 1
 11 1 1
 11 4 1
 11 7 1
 11 8 1
 11 12 1
 11 14 1
 11 17 1
 11 19 1
 11 20 1
 11 23 1
 11 24 1
 11 25 1
 11 26 1
 11 27 1
 11 28 1
 11 31 1
 11 37 1
 11 38 1
 11 39 1
 11 40 1
 11 41 1
 11 43 1
 11 44 1
 11 45 1
 11 46 1
 11 48 1
 11 49 1
 12 1 1
 12 2 1
 12 4 1
 12 5 1
 12 7 1
 12 9 1
 12 10 1
 12 13 1
 12 15 1
 12 16 1
 12 17 1
 12 18 1
 12 19 1
 12 20 1
 12 22 1
 12 24 1
 12 25 1
 12 26 1
 12 27 1
 12 28 1
 12 33 1
 12 36 1
 12 37 1
 12 38 1
 12 41 1
 12 43 1
 12 44 1
 12 45 1
 12 46 1
 12 48 1
 13 1 1
 13 7 1
 13 8 1
 13 9 1
 13 10 1
 13 11 1
 13 12 1
 13 14 1
 13 16 1
 13 19 1
 13 20 1
 13 25 1
 13 27 1
 13 28 1
 13 34 1
 13 35 1
 13 36 1
 13 37 1
 13 38 1
 13 40 1
 13 42 1
 13 45 1
 13 46 1
 13 47 1
 13 48 1
 13 49 1
 13 50 1
 14 1 1
 14 2 1
 14 3 1
 14 5 1
 14 6 1
 14 7 1
 14 8 1
 14 9 1
 14 10 1
 14 11 1
 14 12 1
 14 15 1
 14 17 1
 14 18 1
 14 19 1
 14 21 1
 14 22 1
 14 23 1
 14 26 1
 14 29 1
 14 32 1
 14 34 1
 14 36 1
 14 37 1
 14 39 1
 14 40 1
 14 41 1
 14 42 1
 14 46 1
 14 47 1
 14 49 1
 14 50 1
 15 3 1
 15 4 1
 15 5 1
 15 6 1
 15 7 1
 15 8 1
 15 9 1
 15 11 1
 15 12 1
 15 13 1
 15 16 1
 15 18 1
 15 20 1
 15 21 1
 15 22 1
 15 23 1
 15 24 1
 15 25 1
 15 26 1
 15 28 1
 15 31 1
 15 32 1
 15 33 1
 15 35 1
 15 36 1
 15 37 1
 15 39 1
 15 43 1
 15 45 1
 15 46 1
 15 48 1
 15 49 1
 15 50 1
 16 1 1
 16 2 1
 16 3 1
 16 4 1
 16 6 1
 16 8 1
 16 10 1
 16 11 1
 16 12 1
 16 15 1
 16 17 1
 16 18 1
 16 19 1
 16 22 1
 16 26 1
 16 28 1
 16 30 1
 16 33 1
 16 34 1
 16 37 1
 16 38 1
 16 39 1
 16 41 1
 16 42 1
 16 43 1
 16 44 1
 16 45 1
 16 48 1
 16 49 1
 16 50 1
 17 1 1
 17 4 1
 17 5 1
 17 7 1
 17 8 1
 17 10 1
 17 11 1
 17 16 1
 17 18 1
 17 19 1
 17 21 1
 17 23 1
 17 24 1
 17 25 1
 17 27 1
 17 28 1
 17 29 1
 17 30 1
 17 31 1
 17 32 1
 17 34 1
 17 38 1
 17 40 1
 17 41 1
 17 43 1
 17 45 1
 17 46 1
 17 48 1
 17 49 1
 17 50 1
 18 1 1
 18 3 1
 18 4 1
 18 5 1
 18 7 1
 18 9 1
 18 10 1
 18 12 1
 18 13 1
 18 14 1
 18 15 1
 18 16 1
 18 17 1
 18 20 1
 18 22 1
 18 23 1
 18 24 1
 18 25 1
 18 26 1
 18 29 1
 18 31 1
 18 32 1
 18 33 1
 18 34 1
 18 35 1
 18 40 1
 18 42 1
 18 43 1
 18 44 1
 18 46 1
 18 47 1
 18 49 1
 19 2 1
 19 4 1
 19 5 1
 19 6 1
 19 7 1
 19 10 1
 19 13 1
 19 15 1
 19 17 1
 19 18 1
 19 22 1
 19 23 1
 19 26 1
 19 27 1
 19 29 1
 19 34 1
 19 36 1
 19 37 1
 19 39 1
 19 40 1
 19 42 1
 19 44 1
 19 45 1
 19 46 1
 19 47 1
 19 48 1
 19 49 1
 19 50 1
 20 2 1
 20 3 1
 20 4 1
 20 5 1
 20 6 1
 20 7 1
 20 8 1
 20 9 1
 20 10 1
 20 11 1
 20 13 1
 20 14 1
 20 17 1
 20 18 1
 20 22 1
 20 23 1
 20 24 1
 20 26 1
 20 28 1
 20 29 1
 20 31 1
 20 32 1
 20 35 1
 20 37 1
 20 43 1
 20 44 1
 20 47 1
 20 49 1
 20 50 1
 21 1 1
 21 3 1
 21 4 1
 21 5 1
 21 8 1
 21 9 1
 21 11 1
 21 12 1
 21 13 1
 21 14 1
 21 15 1
 21 17 1
 21 18 1
 21 20 1
 21 23 1
 21 25 1
 21 26 1
 21 27 1
 21 29 1
 21 32 1
 21 35 1
 21 36 1
 21 37 1
 21 38 1
 21 40 1
 21 41 1
 21 42 1
 21 44 1
 21 45 1
 21 46 1
 21 47 1
 21 49 1
 22 1 1
 22 4 1
 22 5 1
 22 6 1
 22 7 1
 22 12 1
 22 13 1
 22 16 1
 22 17 1
 22 18 1
 22 23 1
 22 26 1
 22 27 1
 22 29 1
 22 30 1
 22 31 1
 22 32 1
 22 34 1
 22 36 1
 22 38 1
 22 39 1
 22 42 1
 22 43 1
 22 46 1
 22 49 1
 23 1 1
 23 2 1
 23 4 1
 23 5 1
 23 6 1
 23 7 1
 23 9 1
 23 10 1
 23 11 1
 23 12 1
 23 14 1
 23 15 1
 23 16 1
 23 17 1
 23 18 1
 23 21 1
 23 25 1
 23 26 1
 23 29 1
 23 34 1
 23 36 1
 23 37 1
 23 39 1
 23 43 1
 23 44 1
 23 49 1
 23 50 1
 24 2 1
 24 3 1
 24 4 1
 24 6 1
 24 11 1
 24 15 1
 24 16 1
 24 17 1
 24 19 1
 24 20 1
 24 22 1
 24 23 1
 24 26 1
 24 27 1
 24 28 1
 24 30 1
 24 31 1
 24 33 1
 24 34 1
 24 36 1
 24 37 1
 24 38 1
 24 39 1
 24 40 1
 24 41 1
 24 43 1
 24 46 1
 24 49 1
 24 50 1
 25 3 1
 25 4 1
 25 5 1
 25 6 1
 25 7 1
 25 10 1
 25 11 1
 25 12 1
 25 14 1
 25 16 1
 25 17 1
 25 19 1
 25 20 1
 25 21 1
 25 22 1
 25 23 1
 25 28 1
 25 29 1
 25 30 1
 25 31 1
 25 35 1
 25 36 1
 25 37 1
 25 38 1
 25 39 1
 25 42 1
 25 43 1
 25 44 1
 25 47 1
 25 48 1
 25 49 1
 26 2 1
 26 3 1
 26 7 1
 26 8 1
 26 9 1
 26 12 1
 26 13 1
 26 14 1
 26 16 1
 26 17 1
 26 18 1
 26 19 1
 26 21 1
 26 22 1
 26 24 1
 26 25 1
 26 27 1
 26 29 1
 26 31 1
 26 32 1
 26 36 1
 26 39 1
 26 41 1
 26 42 1
 26 43 1
 26 47 1
 26 48 1
 26 49 1
 27 2 1
 27 3 1
 27 4 1
 27 6 1
 27 11 1
 27 13 1
 27 17 1
 27 22 1
 27 25 1
 27 26 1
 27 28 1
 27 30 1
 27 31 1
 27 32 1
 27 37 1
 27 38 1
 27 40 1
 27 46 1
 27 47 1
 27 48 1
 27 50 1
 28 1 1
 28 3 1
 28 4 1
 28 5 1
 28 8 1
 28 12 1
 28 13 1
 28 14 1
 28 16 1
 28 17 1
 28 19 1
 28 20 1
 28 22 1
 28 23 1
 28 24 1
 28 26 1
 28 27 1
 28 30 1
 28 34 1
 28 36 1
 28 37 1
 28 38 1
 28 41 1
 28 42 1
 28 44 1
 28 46 1
 28 47 1
 28 48 1
 28 49 1
 29 1 1
 29 2 1
 29 3 1
 29 7 1
 29 8 1
 29 9 1
 29 10 1
 29 11 1
 29 12 1
 29 13 1
 29 18 1
 29 19 1
 29 20 1
 29 21 1
 29 22 1
 29 23 1
 29 24 1
 29 26 1
 29 32 1
 29 33 1
 29 34 1
 29 35 1
 29 36 1
 29 40 1
 29 43 1
 29 46 1
 29 47 1
 29 50 1
 30 1 1
 30 3 1
 30 4 1
 30 5 1
 30 6 1
 30 9 1
 30 12 1
 30 13 1
 30 14 1
 30 15 1
 30 16 1
 30 17 1
 30 21 1
 30 22 1
 30 26 1
 30 27 1
 30 28 1
 30 29 1
 30 31 1
 30 32 1
 30 35 1
 30 36 1
 30 37 1
 30 38 1
 30 40 1
 30 41 1
 30 46 1
 30 48 1
 30 49 1
 30 50 1
 31 2 1
 31 4 1
 31 6 1
 31 8 1
 31 9 1
 31 10 1
 31 11 1
 31 12 1
 31 13 1
 31 15 1
 31 16 1
 31 19 1
 31 21 1
 31 23 1
 31 24 1
 31 25 1
 31 29 1
 31 33 1
 31 34 1
 31 35 1
 31 36 1
 31 40 1
 31 42 1
 31 46 1
 31 50 1
 32 1 1
 32 3 1
 32 4 1
 32 5 1
 32 6 1
 32 7 1
 32 8 1
 32 9 1
 32 10 1
 32 11 1
 32 13 1
 32 14 1
 32 16 1
 32 17 1
 32 22 1
 32 23 1
 32 24 1
 32 26 1
 32 27 1
 32 28 1
 32 30 1
 32 31 1
 32 34 1
 32 35 1
 32 41 1
