# Created by Octave 4.2.2, Mon Dec 13 20:30:26 2021 CST <lqg@qiguanglin-LC1>
# name: Map
# type: matrix
# rows: 527
# columns: 3
 1 4 1
 1 6 1
 1 7 1
 1 9 1
 1 10 1
 1 11 1
 1 13 1
 1 14 1
 1 16 1
 1 20 1
 1 21 1
 1 23 1
 1 24 1
 1 26 1
 1 27 1
 1 29 1
 1 30 1
 2 1 1
 2 3 1
 2 4 1
 2 5 1
 2 6 1
 2 10 1
 2 11 1
 2 12 1
 2 14 1
 2 15 1
 2 16 1
 2 17 1
 2 18 1
 2 19 1
 2 22 1
 2 23 1
 2 24 1
 2 26 1
 2 28 1
 2 29 1
 2 30 1
 3 1 1
 3 2 1
 3 4 1
 3 5 1
 3 6 1
 3 7 1
 3 11 1
 3 12 1
 3 13 1
 3 14 1
 3 15 1
 3 16 1
 3 19 1
 3 21 1
 3 22 1
 3 23 1
 3 24 1
 3 27 1
 3 30 1
 4 3 1
 4 5 1
 4 6 1
 4 7 1
 4 8 1
 4 9 1
 4 10 1
 4 11 1
 4 12 1
 4 15 1
 4 21 1
 4 23 1
 4 25 1
 4 26 1
 4 27 1
 4 28 1
 4 30 1
 5 6 1
 5 8 1
 5 11 1
 5 13 1
 5 14 1
 5 15 1
 5 16 1
 5 18 1
 5 21 1
 5 22 1
 5 28 1
 6 1 1
 6 3 1
 6 7 1
 6 8 1
 6 9 1
 6 13 1
 6 16 1
 6 18 1
 6 19 1
 6 21 1
 6 22 1
 6 23 1
 6 24 1
 6 25 1
 6 27 1
 6 29 1
 6 30 1
 7 1 1
 7 2 1
 7 5 1
 7 8 1
 7 9 1
 7 10 1
 7 12 1
 7 13 1
 7 18 1
 7 20 1
 7 23 1
 7 27 1
 7 28 1
 7 29 1
 8 1 1
 8 2 1
 8 3 1
 8 4 1
 8 7 1
 8 10 1
 8 15 1
 8 16 1
 8 18 1
 8 19 1
 8 20 1
 8 21 1
 8 22 1
 8 25 1
 8 26 1
 8 27 1
 8 28 1
 8 30 1
 9 2 1
 9 4 1
 9 5 1
 9 7 1
 9 8 1
 9 13 1
 9 14 1
 9 16 1
 9 18 1
 9 19 1
 9 20 1
 9 22 1
 9 27 1
 9 30 1
 10 6 1
 10 7 1
 10 9 1
 10 11 1
 10 12 1
 10 14 1
 10 15 1
 10 20 1
 10 21 1
 10 23 1
 10 24 1
 10 25 1
 10 26 1
 10 27 1
 10 28 1
 10 29 1
 10 30 1
 11 1 1
 11 2 1
 11 6 1
 11 7 1
 11 10 1
 11 13 1
 11 14 1
 11 15 1
 11 16 1
 11 17 1
 11 20 1
 11 21 1
 11 24 1
 11 27 1
 11 29 1
 11 30 1
 12 3 1
 12 6 1
 12 7 1
 12 9 1
 12 11 1
 12 13 1
 12 14 1
 12 16 1
 12 17 1
 12 18 1
 12 20 1
 12 24 1
 12 25 1
 12 26 1
 12 27 1
 12 29 1
 12 30 1
 13 1 1
 13 2 1
 13 3 1
 13 4 1
 13 5 1
 13 11 1
 13 12 1
 13 14 1
 13 15 1
 13 19 1
 13 21 1
 13 25 1
 13 26 1
 13 30 1
 14 1 1
 14 4 1
 14 5 1
 14 6 1
 14 7 1
 14 8 1
 14 9 1
 14 10 1
 14 11 1
 14 12 1
 14 13 1
 14 16 1
 14 17 1
 14 19 1
 14 20 1
 14 22 1
 14 23 1
 14 25 1
 14 27 1
 14 30 1
 15 1 1
 15 4 1
 15 5 1
 15 7 1
 15 8 1
 15 12 1
 15 13 1
 15 16 1
 15 19 1
 15 21 1
 15 23 1
 15 25 1
 15 26 1
 15 27 1
 15 30 1
 16 2 1
 16 3 1
 16 4 1
 16 5 1
 16 6 1
 16 7 1
 16 8 1
 16 9 1
 16 10 1
 16 11 1
 16 13 1
 16 15 1
 16 17 1
 16 18 1
 16 19 1
 16 22 1
 16 23 1
 16 25 1
 16 27 1
 16 28 1
 16 29 1
 16 30 1
 17 1 1
 17 2 1
 17 3 1
 17 4 1
 17 5 1
 17 6 1
 17 7 1
 17 9 1
 17 11 1
 17 13 1
 17 14 1
 17 15 1
 17 16 1
 17 19 1
 17 22 1
 17 23 1
 17 27 1
 17 30 1
 18 2 1
 18 3 1
 18 4 1
 18 6 1
 18 7 1
 18 10 1
 18 12 1
 18 13 1
 18 15 1
 18 17 1
 18 19 1
 18 21 1
 18 22 1
 18 23 1
 18 24 1
 18 25 1
 18 27 1
 18 30 1
 19 1 1
 19 2 1
 19 3 1
 19 4 1
 19 5 1
 19 8 1
 19 12 1
 19 15 1
 19 16 1
 19 17 1
 19 18 1
 19 20 1
 19 21 1
 19 22 1
 19 24 1
 19 26 1
 19 27 1
 19 28 1
 20 2 1
 20 3 1
 20 4 1
 20 5 1
 20 8 1
 20 9 1
 20 11 1
 20 12 1
 20 15 1
 20 16 1
 20 17 1
 20 18 1
 20 21 1
 20 22 1
 20 23 1
 20 28 1
 20 30 1
 21 2 1
 21 5 1
 21 7 1
 21 8 1
 21 9 1
 21 10 1
 21 11 1
 21 12 1
 21 13 1
 21 14 1
 21 15 1
 21 16 1
 21 20 1
 21 26 1
 21 28 1
 21 29 1
 21 30 1
 22 2 1
 22 4 1
 22 5 1
 22 7 1
 22 8 1
 22 9 1
 22 10 1
 22 11 1
 22 12 1
 22 13 1
 22 15 1
 22 19 1
 22 20 1
 22 23 1
 22 24 1
 22 26 1
 22 27 1
 22 29 1
 22 30 1
 23 2 1
 23 3 1
 23 4 1
 23 5 1
 23 6 1
 23 7 1
 23 10 1
 23 11 1
 23 13 1
 23 15 1
 23 16 1
 23 17 1
 23 20 1
 23 21 1
 23 24 1
 23 26 1
 23 27 1
 24 1 1
 24 3 1
 24 4 1
 24 5 1
 24 6 1
 24 7 1
 24 8 1
 24 10 1
 24 11 1
 24 12 1
 24 15 1
 24 17 1
 24 18 1
 24 19 1
 24 22 1
 24 23 1
 24 25 1
 24 26 1
 24 28 1
 24 29 1
 25 1 1
 25 2 1
 25 3 1
 25 6 1
 25 7 1
 25 8 1
 25 9 1
 25 10 1
 25 11 1
 25 12 1
 25 13 1
 25 14 1
 25 15 1
 25 17 1
 25 19 1
 25 20 1
 25 21 1
 25 22 1
 25 24 1
 25 26 1
 25 27 1
 25 29 1
 26 2 1
 26 4 1
 26 5 1
 26 7 1
 26 8 1
 26 11 1
 26 12 1
 26 13 1
 26 14 1
 26 17 1
 26 18 1
 26 19 1
 26 22 1
 26 24 1
 26 25 1
 26 28 1
 26 29 1
 26 30 1
 27 1 1
 27 3 1
 27 4 1
 27 7 1
 27 8 1
 27 9 1
 27 10 1
 27 11 1
 27 13 1
 27 14 1
 27 15 1
 27 16 1
 27 17 1
 27 18 1
 27 19 1
 27 20 1
 27 22 1
 27 23 1
 27 25 1
 27 28 1
 27 30 1
 28 2 1
 28 4 1
 28 5 1
 28 6 1
 28 7 1
 28 9 1
 28 10 1
 28 12 1
 28 13 1
 28 14 1
 28 15 1
 28 16 1
 28 18 1
 28 20 1
 28 22 1
 28 24 1
 28 25 1
 28 27 1
 28 29 1
 28 30 1
 29 4 1
 29 8 1
 29 12 1
 29 13 1
 29 15 1
 29 16 1
 29 18 1
 29 20 1
 29 22 1
 29 23 1
 29 24 1
 29 25 1
 29 26 1
 29 27 1
 29 28 1
 29 30 1
 30 1 1
 30 2 1
 30 4 1
 30 6 1
 30 8 1
 30 9 1
 30 10 1
 30 11 1
 30 13 1
 30 14 1
 30 15 1
 30 16 1
 30 21 1
 30 22 1
 30 23 1
 30 25 1
 30 29 1


