# Created by Octave 4.2.2, Mon Dec 13 20:30:38 2021 CST <lqg@qiguanglin-LC1>
# name: Map
# type: matrix
# rows: 1432
# columns: 3
 1 3 1
 1 4 1
 1 6 1
 1 8 1
 1 11 1
 1 13 1
 1 14 1
 1 15 1
 1 16 1
 1 18 1
 1 19 1
 1 21 1
 1 23 1
 1 25 1
 1 26 1
 1 27 1
 1 28 1
 1 29 1
 1 30 1
 1 31 1
 1 35 1
 1 38 1
 1 40 1
 1 43 1
 1 45 1
 1 48 1
 1 49 1
 1 50 1
 2 5 1
 2 6 1
 2 7 1
 2 9 1
 2 10 1
 2 15 1
 2 17 1
 2 18 1
 2 20 1
 2 21 1
 2 24 1
 2 26 1
 2 27 1
 2 30 1
 2 31 1
 2 34 1
 2 35 1
 2 36 1
 2 37 1
 2 41 1
 2 44 1
 2 45 1
 2 46 1
 2 47 1
 2 50 1
 3 1 1
 3 2 1
 3 5 1
 3 7 1
 3 8 1
 3 9 1
 3 11 1
 3 13 1
 3 14 1
 3 15 1
 3 16 1
 3 17 1
 3 19 1
 3 20 1
 3 21 1
 3 22 1
 3 24 1
 3 26 1
 3 27 1
 3 28 1
 3 30 1
 3 31 1
 3 32 1
 3 34 1
 3 36 1
 3 37 1
 3 38 1
 3 39 1
 3 45 1
 3 47 1
 3 49 1
 3 50 1
 4 2 1
 4 3 1
 4 6 1
 4 7 1
 4 10 1
 4 12 1
 4 13 1
 4 14 1
 4 15 1
 4 17 1
 4 18 1
 4 19 1
 4 22 1
 4 25 1
 4 26 1
 4 27 1
 4 28 1
 4 29 1
 4 32 1
 4 34 1
 4 37 1
 4 38 1
 4 39 1
 4 40 1
 4 41 1
 4 43 1
 4 44 1
 4 50 1
 5 3 1
 5 4 1
 5 7 1
 5 8 1
 5 9 1
 5 14 1
 5 15 1
 5 16 1
 5 17 1
 5 20 1
 5 21 1
 5 22 1
 5 25 1
 5 28 1
 5 29 1
 5 30 1
 5 32 1
 5 33 1
 5 34 1
 5 36 1
 5 38 1
 5 41 1
 5 42 1
 5 43 1
 5 45 1
 5 48 1
 5 49 1
 6 1 1
 6 3 1
 6 5 1
 6 8 1
 6 10 1
 6 11 1
 6 15 1
 6 18 1
 6 19 1
 6 23 1
 6 24 1
 6 26 1
 6 28 1
 6 31 1
 6 33 1
 6 34 1
 6 35 1
 6 36 1
 6 38 1
 6 39 1
 6 40 1
 6 41 1
 6 42 1
 6 44 1
 6 45 1
 6 48 1
 6 50 1
 7 1 1
 7 4 1
 7 5 1
 7 6 1
 7 8 1
 7 9 1
 7 10 1
 7 11 1
 7 13 1
 7 14 1
 7 15 1
 7 17 1
 7 18 1
 7 19 1
 7 20 1
 7 22 1
 7 24 1
 7 25 1
 7 27 1
 7 29 1
 7 31 1
 7 32 1
 7 34 1
 7 36 1
 7 39 1
 7 41 1
 7 44 1
 7 45 1
 7 46 1
 7 48 1
 7 49 1
 7 50 1
 8 1 1
 8 2 1
 8 6 1
 8 10 1
 8 11 1
 8 14 1
 8 15 1
 8 20 1
 8 22 1
 8 23 1
 8 24 1
 8 25 1
 8 26 1
 8 27 1
 8 30 1
 8 32 1
 8 34 1
 8 37 1
 8 38 1
 8 39 1
 8 40 1
 8 42 1
 8 43 1
 8 44 1
 8 46 1
 8 47 1
 8 48 1
 8 49 1
 8 50 1
 9 2 1
 9 3 1
 9 5 1
 9 6 1
 9 7 1
 9 10 1
 9 12 1
 9 13 1
 9 14 1
 9 15 1
 9 17 1
 9 21 1
 9 22 1
 9 23 1
 9 24 1
 9 25 1
 9 27 1
 9 31 1
 9 32 1
 9 34 1
 9 35 1
 9 37 1
 9 38 1
 9 41 1
 9 43 1
 9 44 1
 9 47 1
 9 50 1
 10 1 1
 10 2 1
 10 4 1
 10 7 1
 10 8 1
 10 11 1
 10 12 1
 10 13 1
 10 16 1
 10 17 1
 10 18 1
 10 19 1
 10 22 1
 10 23 1
 10 24 1
 10 25 1
 10 27 1
 10 29 1
 10 31 1
 10 32 1
 10 33 1
 10 34 1
 10 35 1
 10 36 1
 10 37 1
 10 39 1
 10 41 1
 10 42 1
 10 45 1
 10 46 1
 10 47 1
 10 48 1
 10 49 1
 11 1 1
 11 2 1
 11 4 1
 11 5 1
 11 7 1
 11 8 1
 11 10 1
 11 12 1
 11 14 1
 11 15 1
 11 18 1
 11 19 1
 11 21 1
 11 22 1
 11 23 1
 11 24 1
 11 27 1
 11 30 1
 11 31 1
 11 32 1
 11 33 1
 11 34 1
 11 36 1
 11 37 1
 11 41 1
 11 42 1
 11 47 1
 11 48 1
 11 49 1
 12 2 1
 12 4 1
 12 5 1
 12 6 1
 12 7 1
 12 10 1
 12 11 1
 12 14 1
 12 16 1
 12 18 1
 12 20 1
 12 21 1
 12 22 1
 12 23 1
 12 24 1
 12 26 1
 12 27 1
 12 28 1
 12 30 1
 12 31 1
 12 33 1
 12 34 1
 12 37 1
 12 38 1
 12 41 1
 12 42 1
 12 43 1
 12 44 1
 12 45 1
 12 48 1
 13 2 1
 13 3 1
 13 5 1
 13 6 1
 13 7 1
 13 8 1
 13 11 1
 13 12 1
 13 16 1
 13 17 1
 13 19 1
 13 22 1
 13 25 1
 13 27 1
 13 28 1
 13 30 1
 13 35 1
 13 37 1
 13 38 1
 13 41 1
 13 43 1
 13 46 1
 13 47 1
 13 50 1
 14 1 1
 14 2 1
 14 4 1
 14 8 1
 14 9 1
 14 10 1
 14 11 1
 14 12 1
 14 13 1
 14 15 1
 14 16 1
 14 17 1
 14 18 1
 14 20 1
 14 23 1
 14 25 1
 14 26 1
 14 27 1
 14 29 1
 14 30 1
 14 31 1
 14 32 1
 14 34 1
 14 36 1
 14 37 1
 14 38 1
 14 41 1
 14 42 1
 14 43 1
 14 44 1
 14 46 1
 14 48 1
 15 1 1
 15 2 1
 15 3 1
 15 4 1
 15 6 1
 15 8 1
 15 9 1
 15 12 1
 15 13 1
 15 16 1
 15 20 1
 15 21 1
 15 22 1
 15 25 1
 15 26 1
 15 28 1
 15 29 1
 15 30 1
 15 31 1
 15 32 1
 15 33 1
 15 35 1
 15 37 1
 15 38 1
 15 39 1
 15 40 1
 15 41 1
 15 42 1
 15 43 1
 15 46 1
 15 47 1
 15 48 1
 15 50 1
 16 1 1
 16 2 1
 16 6 1
 16 8 1
 16 9 1
 16 11 1
 16 14 1
 16 15 1
 16 20 1
 16 22 1
 16 23 1
 16 24 1
 16 25 1
 16 28 1
 16 30 1
 16 32 1
 16 33 1
 16 34 1
 16 35 1
 16 37 1
 16 39 1
 16 40 1
 16 41 1
 16 42 1
 16 43 1
 16 44 1
 16 46 1
 16 47 1
 16 49 1
 16 50 1
 17 3 1
 17 4 1
 17 6 1
 17 7 1
 17 10 1
 17 11 1
 17 13 1
 17 14 1
 17 15 1
 17 18 1
 17 19 1
 17 20 1
 17 21 1
 17 22 1
 17 23 1
 17 24 1
 17 27 1
 17 31 1
 17 33 1
 17 36 1
 17 37 1
 17 41 1
 17 45 1
 17 46 1
 17 47 1
 17 48 1
 17 50 1
 18 2 1
 18 5 1
 18 8 1
 18 9 1
 18 11 1
 18 14 1
 18 15 1
 18 16 1
 18 17 1
 18 21 1
 18 22 1
 18 23 1
 18 24 1
 18 26 1
 18 27 1
 18 28 1
 18 29 1
 18 31 1
 18 32 1
 18 33 1
 18 36 1
 18 37 1
 18 38 1
 18 39 1
 18 40 1
 18 41 1
 18 42 1
 18 43 1
 18 47 1
 18 48 1
 18 49 1
 19 2 1
 19 3 1
 19 5 1
 19 9 1
 19 11 1
 19 12 1
 19 13 1
 19 14 1
 19 16 1
 19 20 1
 19 21 1
 19 22 1
 19 24 1
 19 25 1
 19 27 1
 19 28 1
 19 29 1
 19 31 1
 19 33 1
 19 35 1
 19 36 1
 19 38 1
 19 39 1
 19 41 1
 19 42 1
 19 45 1
 19 46 1
 19 47 1
 19 48 1
 19 50 1
 20 6 1
 20 8 1
 20 9 1
 20 11 1
 20 12 1
 20 13 1
 20 14 1
 20 15 1
 20 16 1
 20 19 1
 20 21 1
 20 22 1
 20 23 1
 20 24 1
 20 25 1
 20 26 1
 20 27 1
 20 30 1
 20 34 1
 20 37 1
 20 38 1
 20 39 1
 20 40 1
 20 47 1
 20 49 1
 21 1 1
 21 2 1
 21 3 1
 21 4 1
 21 6 1
 21 11 1
 21 12 1
 21 13 1
 21 14 1
 21 15 1
 21 18 1
 21 19 1
 21 22 1
 21 26 1
 21 28 1
 21 29 1
 21 30 1
 21 33 1
 21 34 1
 21 37 1
 21 39 1
 21 40 1
 21 41 1
 21 42 1
 21 43 1
 21 44 1
 21 45 1
 21 46 1
 21 48 1
 21 49 1
 21 50 1
 22 1 1
 22 3 1
 22 5 1
 22 6 1
 22 10 1
 22 12 1
 22 13 1
 22 14 1
 22 15 1
 22 16 1
 22 17 1
 22 19 1
 22 20 1
 22 23 1
 22 28 1
 22 29 1
 22 36 1
 22 37 1
 22 40 1
 22 43 1
 22 44 1
 22 45 1
 22 48 1
 23 1 1
 23 3 1
 23 4 1
 23 6 1
 23 7 1
 23 8 1
 23 10 1
 23 13 1
 23 14 1
 23 15 1
 23 17 1
 23 18 1
 23 19 1
 23 20 1
 23 21 1
 23 22 1
 23 24 1
 23 26 1
 23 27 1
 23 28 1
 23 29 1
 23 30 1
 23 31 1
 23 32 1
 23 34 1
 23 37 1
 23 41 1
 23 42 1
 23 43 1
 23 44 1
 23 45 1
 23 49 1
 24 1 1
 24 2 1
 24 3 1
 24 5 1
 24 6 1
 24 8 1
 24 10 1
 24 12 1
 24 14 1
 24 15 1
 24 16 1
 24 19 1
 24 22 1
 24 23 1
 24 28 1
 24 30 1
 24 31 1
 24 33 1
 24 35 1
 24 36 1
 24 37 1
 24 38 1
 24 41 1
 24 42 1
 24 43 1
 24 44 1
 24 46 1
 25 3 1
 25 5 1
 25 7 1
 25 13 1
 25 17 1
 25 19 1
 25 20 1
 25 22 1
 25 23 1
 25 24 1
 25 26 1
 25 27 1
 25 28 1
 25 31 1
 25 33 1
 25 34 1
 25 39 1
 25 42 1
 25 45 1
 25 46 1
 26 1 1
 26 2 1
 26 6 1
 26 7 1
 26 8 1
 26 10 1
 26 11 1
 26 13 1
 26 15 1
 26 17 1
 26 18 1
 26 19 1
 26 23 1
 26 24 1
 26 27 1
 26 30 1
 26 31 1
 26 32 1
 26 33 1
 26 36 1
 26 37 1
 26 38 1
 26 39 1
 26 40 1
 26 41 1
 26 42 1
 26 46 1
 26 47 1
 26 48 1
 26 49 1
 26 50 1
 27 3 1
 27 4 1
 27 5 1
 27 9 1
 27 10 1
 27 11 1
 27 13 1
 27 14 1
 27 15 1
 27 17 1
 27 19 1
 27 22 1
 27 25 1
 27 26 1
 27 32 1
 27 34 1
 27 36 1
 27 38 1
 27 39 1
 27 40 1
 27 41 1
 27 44 1
 27 46 1
 27 47 1
 28 1 1
 28 2 1
 28 3 1
 28 4 1
 28 7 1
 28 8 1
 28 13 1
 28 14 1
 28 15 1
 28 22 1
 28 23 1
 28 26 1
 28 27 1
 28 29 1
 28 30 1
 28 31 1
 28 32 1
 28 33 1
 28 34 1
 28 38 1
 28 41 1
 28 42 1
 28 43 1
 28 44 1
 28 45 1
 28 46 1
 28 47 1
 28 49 1
 28 50 1
 29 1 1
 29 2 1
 29 3 1
 29 4 1
 29 5 1
 29 7 1
 29 11 1
 29 13 1
 29 14 1
 29 16 1
 29 20 1
 29 21 1
 29 22 1
 29 24 1
 29 26 1
 29 31 1
 29 35 1
 29 36 1
 29 37 1
 29 38 1
 29 40 1
 29 41 1
 29 42 1
 29 43 1
 29 44 1
 29 45 1
 29 46 1
 29 48 1
 29 50 1
 30 1 1
 30 2 1
 30 3 1
 30 4 1
 30 5 1
 30 6 1
 30 7 1
 30 9 1
 30 11 1
 30 12 1
 30 13 1
 30 15 1
 30 16 1
 30 17 1
 30 21 1
 30 24 1
 30 26 1
 30 28 1
 30 32 1
 30 34 1
 30 36 1
 30 38 1
 30 40 1
 30 41 1
 30 43 1
 30 44 1
 30 48 1
 30 50 1
 31 2 1
 31 3 1
 31 4 1
 31 6 1
 31 8 1
 31 9 1
 31 11 1
 31 13 1
 31 14 1
 31 15 1
 31 17 1
 31 18 1
 31 19 1
 31 20 1
 31 21 1
 31 26 1
 31 27 1
 31 28 1
 31 29 1
 31 34 1
 31 36 1
 31 37 1
 31 40 1
 31 41 1
 31 42 1
 31 43 1
 31 44 1
 31 45 1
 31 46 1
 31 50 1
 32 2 1
 32 5 1
 32 6 1
 32 7 1
 32 8 1
 32 10 1
 32 11 1
 32 12 1
 32 13 1
 32 14 1
 32 16 1
 32 17 1
 32 20 1
 32 21 1
 32 22 1
 32 23 1
 32 25 1
 32 27 1
 32 28 1
 32 31 1
 32 33 1
 32 35 1
 32 36 1
 32 41 1
 32 42 1
 32 43 1
 32 44 1
 32 46 1
 32 49 1
 32 50 1
 33 1 1
 33 4 1
 33 6 1
 33 7 1
 33 8 1
 33 10 1
 33 11 1
