# Created by Octave 4.2.2, Mon Dec 13 20:30:24 2021 CST <lqg@qiguanglin-LC1>
# name: Map
# type: matrix
# rows: 235
# columns: 3
 1 2 1
 1 3 1
 1 4 1
 1 5 1
 1 6 1
 1 9 1
 1 10 1
 1 11 1
 1 12 1
 1 13 1
 1 18 1
 2 4 1
 2 5 1
 2 8 1
 2 9 1
 2 10 1
 2 11 1
 2 12 1
 2 13 1
 2 14 1
 2 15 1
 2 16 1
 2 17 1
 2 18 1
 2 19 1
 2 20 1
 3 1 1
 3 4 1
 3 6 1
 3 8 1
 3 9 1
 3 10 1
 3 12 1
 3 14 1
 3 16 1
 3 18 1
 4 3 1
 4 5 1
 4 6 1
 4 7 1
 4 8 1
 4 9 1
 4 11 1
 4 12 1
 4 13 1
 4 14 1
 4 15 1
 4 17 1
 4 18 1
 5 1 1
 5 8 1
 5 9 1
 5 10 1
 5 11 1
 5 13 1
 5 14 1
 5 16 1
 5 19 1
 5 20 1
 6 3 1
 6 4 1
 6 5 1
 6 7 1
 6 10 1
 6 11 1
 6 12 1
 6 16 1
 6 17 1
 6 20 1
 7 1 1
 7 2 1
 7 4 1
 7 5 1
 7 6 1
 7 9 1
 7 10 1
 7 11 1
 7 14 1
 7 16 1
 7 18 1
 7 20 1
 8 1 1
 8 3 1
 8 4 1
 8 5 1
 8 6 1
 8 7 1
 8 10 1
 8 11 1
 8 12 1
 8 14 1
 8 17 1
 8 18 1
 8 19 1
 9 3 1
 9 4 1
 9 6 1
 9 7 1
 9 8 1
 9 10 1
 9 11 1
 9 14 1
 9 16 1
 9 17 1
 9 18 1
 10 2 1
 10 4 1
 10 5 1
 10 6 1
 10 7 1
 10 8 1
 10 11 1
 10 12 1
 10 13 1
 10 14 1
 10 15 1
 10 17 1
 10 18 1
 10 19 1
 11 1 1
 11 2 1
 11 3 1
 11 6 1
 11 9 1
 11 10 1
 11 12 1
 11 13 1
 11 14 1
 11 15 1
 11 16 1
 11 17 1
 11 18 1
 11 20 1
 12 2 1
 12 3 1
 12 4 1
 12 5 1
 12 7 1
 12 8 1
 12 10 1
 12 11 1
 12 14 1
 12 16 1
 12 17 1
 12 18 1
 12 19 1
 12 20 1
 13 1 1
 13 2 1
 13 4 1
 13 5 1
 13 7 1
 13 9 1
 13 11 1
 13 14 1
 13 15 1
 13 16 1
 13 17 1
 13 19 1
 13 20 1
 14 1 1
 14 2 1
 14 3 1
 14 4 1
 14 5 1
 14 6 1
 14 11 1
 14 15 1
 14 16 1
 14 17 1
 14 18 1
 14 20 1
 15 1 1
 15 2 1
 15 4 1
 15 5 1
 15 8 1
 15 12 1
 15 13 1
 15 14 1
 15 16 1
 15 18 1
 15 20 1
 16 1 1
 16 2 1
 16 3 1
 16 4 1
 16 8 1
 16 9 1
 16 10 1
 16 12 1
 16 13 1
 16 15 1
 16 17 1
 17 3 1
 17 5 1
 17 7 1
 17 8 1
 17 9 1
 17 12 1
 17 16 1
 17 20 1
 18 1 1
 18 3 1
 18 5 1
 18 6 1
 18 10 1
 18 11 1
 18 12 1
 18 13 1
 18 14 1
 18 15 1
 18 19 1
 18 20 1
 19 1 1
 19 2 1
 19 3 1
 19 6 1
 19 7 1
 19 8 1
 19 9 1
 19 10 1
 19 13 1
 19 14 1
 19 17 1
 19 18 1
 20 1 1
 20 2 1
 20 5 1
 20 6 1
 20 9 1
 20 11 1
 20 12 1
 20 13 1
 20 17 1


