# Created by Octave 4.2.2, Mon Dec 13 20:30:46 2021 CST <lqg@qiguanglin-LC1>
# name: Map
# type: matrix
# rows: 1436
# columns: 3
 1 2 1
 1 3 1
 1 4 1
 1 6 1
 1 7 1
 1 9 1
 1 10 1
 1 13 1
 1 15 1
 1 18 1
 1 21 1
 1 22 1
 1 23 1
 1 24 1
 1 27 1
 1 28 1
 1 29 1
 1 30 1
 1 31 1
 1 33 1
 1 34 1
 1 35 1
 1 39 1
 1 41 1
 1 42 1
 1 43 1
 1 44 1
 1 47 1
 1 50 1
 2 1 1
 2 4 1
 2 5 1
 2 6 1
 2 7 1
 2 11 1
 2 15 1
 2 19 1
 2 20 1
 2 22 1
 2 23 1
 2 25 1
 2 26 1
 2 28 1
 2 30 1
 2 31 1
 2 34 1
 2 35 1
 2 36 1
 2 38 1
 2 40 1
 2 43 1
 2 44 1
 2 45 1
 2 47 1
 2 50 1
 3 4 1
 3 5 1
 3 8 1
 3 10 1
 3 12 1
 3 13 1
 3 14 1
 3 15 1
 3 17 1
 3 18 1
 3 20 1
 3 22 1
 3 23 1
 3 24 1
 3 25 1
 3 26 1
 3 28 1
 3 29 1
 3 32 1
 3 33 1
 3 35 1
 3 36 1
 3 37 1
 3 39 1
 3 40 1
 3 43 1
 3 48 1
 4 2 1
 4 3 1
 4 6 1
 4 9 1
 4 10 1
 4 11 1
 4 15 1
 4 17 1
 4 18 1
 4 22 1
 4 23 1
 4 25 1
 4 28 1
 4 29 1
 4 30 1
 4 32 1
 4 33 1
 4 34 1
 4 37 1
 4 39 1
 4 41 1
 4 43 1
 4 45 1
 4 47 1
 4 50 1
 5 1 1
 5 2 1
 5 3 1
 5 4 1
 5 6 1
 5 8 1
 5 11 1
 5 12 1
 5 15 1
 5 21 1
 5 23 1
 5 24 1
 5 31 1
 5 34 1
 5 35 1
 5 36 1
 5 37 1
 5 38 1
 5 39 1
 5 41 1
 5 44 1
 5 46 1
 5 47 1
 5 48 1
 5 49 1
 5 50 1
 6 2 1
 6 3 1
 6 4 1
 6 5 1
 6 7 1
 6 9 1
 6 12 1
 6 14 1
 6 15 1
 6 16 1
 6 17 1
 6 18 1
 6 19 1
 6 20 1
 6 21 1
 6 23 1
 6 25 1
 6 26 1
 6 28 1
 6 30 1
 6 34 1
 6 37 1
 6 40 1
 6 41 1
 6 42 1
 6 43 1
 6 45 1
 6 46 1
 6 49 1
 6 50 1
 7 1 1
 7 2 1
 7 3 1
 7 4 1
 7 5 1
 7 8 1
 7 9 1
 7 10 1
 7 11 1
 7 13 1
 7 17 1
 7 19 1
 7 20 1
 7 22 1
 7 23 1
 7 25 1
 7 28 1
 7 31 1
 7 32 1
 7 34 1
 7 36 1
 7 39 1
 7 41 1
 7 43 1
 7 44 1
 7 45 1
 7 48 1
 7 49 1
 8 1 1
 8 5 1
 8 6 1
 8 9 1
 8 11 1
 8 12 1
 8 13 1
 8 14 1
 8 15 1
 8 16 1
 8 18 1
 8 19 1
 8 20 1
 8 23 1
 8 27 1
 8 28 1
 8 30 1
 8 32 1
 8 33 1
 8 34 1
 8 36 1
 8 38 1
 8 41 1
 8 46 1
 8 48 1
 8 49 1
 9 1 1
 9 5 1
 9 10 1
 9 13 1
 9 15 1
 9 16 1
 9 18 1
 9 20 1
 9 23 1
 9 24 1
 9 25 1
 9 28 1
 9 29 1
 9 30 1
 9 31 1
 9 32 1
 9 34 1
 9 36 1
 9 37 1
 9 38 1
 9 39 1
 9 40 1
 9 41 1
 9 42 1
 9 43 1
 9 45 1
 9 46 1
 9 47 1
 9 48 1
 9 49 1
 9 50 1
 10 1 1
 10 3 1
 10 7 1
 10 8 1
 10 11 1
 10 12 1
 10 14 1
 10 15 1
 10 16 1
 10 17 1
 10 18 1
 10 19 1
 10 27 1
 10 29 1
 10 30 1
 10 33 1
 10 37 1
 10 38 1
 10 41 1
 10 44 1
 10 45 1
 10 47 1
 10 48 1
 10 49 1
 10 50 1
 11 3 1
 11 5 1
 11 8 1
 11 9 1
 11 10 1
 11 12 1
 11 13 1
 11 14 1
 11 15 1
 11 17 1
 11 18 1
 11 21 1
 11 24 1
 11 25 1
 11 26 1
 11 28 1
 11 29 1
 11 30 1
 11 31 1
 11 32 1
 11 35 1
 11 36 1
 11 37 1
 11 38 1
 11 39 1
 11 40 1
 11 41 1
 11 42 1
 11 43 1
 11 46 1
 11 47 1
 11 48 1
 11 50 1
 12 1 1
 12 2 1
 12 3 1
 12 6 1
 12 7 1
 12 13 1
 12 14 1
 12 16 1
 12 17 1
 12 19 1
 12 20 1
 12 21 1
 12 22 1
 12 27 1
 12 28 1
 12 32 1
 12 35 1
 12 37 1
 12 39 1
 12 40 1
 12 41 1
 12 42 1
 12 43 1
 12 44 1
 12 45 1
 12 47 1
 12 49 1
 12 50 1
 13 1 1
 13 2 1
 13 3 1
 13 5 1
 13 6 1
 13 7 1
 13 8 1
 13 9 1
 13 11 1
 13 12 1
 13 14 1
 13 18 1
 13 21 1
 13 27 1
 13 28 1
 13 30 1
 13 31 1
 13 35 1
 13 37 1
 13 38 1
 13 40 1
 13 43 1
 13 45 1
 13 46 1
 13 48 1
 13 49 1
 13 50 1
 14 2 1
 14 4 1
 14 7 1
 14 8 1
 14 10 1
 14 11 1
 14 12 1
 14 13 1
 14 15 1
 14 16 1
 14 18 1
 14 20 1
 14 21 1
 14 22 1
 14 23 1
 14 25 1
 14 26 1
 14 27 1
 14 28 1
 14 30 1
 14 32 1
 14 33 1
 14 35 1
 14 36 1
 14 37 1
 14 38 1
 14 40 1
 14 44 1
 14 45 1
 14 47 1
 14 48 1
 14 49 1
 14 50 1
 15 1 1
 15 2 1
 15 3 1
 15 5 1
 15 6 1
 15 7 1
 15 8 1
 15 9 1
 15 10 1
 15 12 1
 15 13 1
 15 14 1
 15 16 1
 15 17 1
 15 18 1
 15 20 1
 15 21 1
 15 25 1
 15 27 1
 15 28 1
 15 29 1
 15 33 1
 15 35 1
 15 36 1
 15 37 1
 15 38 1
 15 40 1
 15 41 1
 15 44 1
 15 45 1
 16 3 1
 16 4 1
 16 5 1
 16 8 1
 16 11 1
 16 12 1
 16 13 1
 16 14 1
 16 18 1
 16 19 1
 16 20 1
 16 21 1
 16 24 1
 16 26 1
 16 28 1
 16 30 1
 16 31 1
 16 32 1
 16 35 1
 16 37 1
 16 41 1
 16 42 1
 16 43 1
 16 44 1
 16 45 1
 16 46 1
 16 47 1
 16 49 1
 16 50 1
 17 1 1
 17 2 1
 17 3 1
 17 4 1
 17 5 1
 17 6 1
 17 7 1
 17 9 1
 17 11 1
 17 13 1
 17 19 1
 17 24 1
 17 26 1
 17 27 1
 17 28 1
 17 30 1
 17 34 1
 17 35 1
 17 37 1
 17 38 1
 17 40 1
 17 42 1
 17 43 1
 17 44 1
 17 45 1
 17 47 1
 17 49 1
 17 50 1
 18 1 1
 18 2 1
 18 3 1
 18 6 1
 18 7 1
 18 8 1
 18 10 1
 18 11 1
 18 12 1
 18 13 1
 18 15 1
 18 16 1
 18 17 1
 18 20 1
 18 21 1
 18 22 1
 18 24 1
 18 25 1
 18 26 1
 18 28 1
 18 29 1
 18 30 1
 18 31 1
 18 32 1
 18 34 1
 18 36 1
 18 40 1
 18 41 1
 18 44 1
 18 45 1
 18 46 1
 18 49 1
 19 1 1
 19 2 1
 19 3 1
 19 4 1
 19 5 1
 19 7 1
 19 8 1
 19 9 1
 19 11 1
 19 12 1
 19 13 1
 19 14 1
 19 15 1
 19 22 1
 19 25 1
 19 26 1
 19 27 1
 19 29 1
 19 30 1
 19 31 1
 19 33 1
 19 38 1
 19 39 1
 19 40 1
 19 42 1
 19 46 1
 19 47 1
 19 49 1
 19 50 1
 20 1 1
 20 3 1
 20 4 1
 20 5 1
 20 6 1
 20 9 1
 20 10 1
 20 11 1
 20 12 1
 20 13 1
 20 14 1
 20 15 1
 20 16 1
 20 18 1
 20 21 1
 20 22 1
 20 24 1
 20 28 1
 20 30 1
 20 31 1
 20 32 1
 20 33 1
 20 35 1
 20 37 1
 20 38 1
 20 39 1
 20 40 1
 20 42 1
 20 43 1
 20 46 1
 20 47 1
 20 48 1
 20 49 1
 21 1 1
 21 2 1
 21 3 1
 21 4 1
 21 5 1
 21 7 1
 21 8 1
 21 9 1
 21 10 1
 21 14 1
 21 15 1
 21 17 1
 21 19 1
 21 20 1
 21 22 1
 21 25 1
 21 26 1
 21 28 1
 21 30 1
 21 32 1
 21 33 1
 21 35 1
 21 36 1
 21 37 1
 21 38 1
 21 39 1
 21 40 1
 21 46 1
 21 48 1
 21 49 1
 22 1 1
 22 3 1
 22 4 1
 22 5 1
 22 6 1
 22 9 1
 22 10 1
 22 11 1
 22 13 1
 22 14 1
 22 15 1
 22 16 1
 22 17 1
 22 19 1
 22 20 1
 22 21 1
 22 23 1
 22 24 1
 22 25 1
 22 28 1
 22 29 1
 22 30 1
 22 31 1
 22 33 1
 22 35 1
 22 36 1
 22 37 1
 22 38 1
 22 41 1
 22 42 1
 22 43 1
 22 44 1
 22 45 1
 22 46 1
 22 47 1
 22 48 1
 22 49 1
 23 2 1
 23 3 1
 23 5 1
 23 7 1
 23 8 1
 23 9 1
 23 13 1
 23 14 1
 23 15 1
 23 16 1
 23 19 1
 23 21 1
 23 24 1
 23 25 1
 23 26 1
 23 28 1
 23 32 1
 23 34 1
 23 35 1
 23 40 1
 23 41 1
 23 44 1
 23 45 1
 23 49 1
 23 50 1
 24 2 1
 24 4 1
 24 6 1
 24 7 1
 24 9 1
 24 10 1
 24 11 1
 24 12 1
 24 14 1
 24 16 1
 24 17 1
 24 18 1
 24 19 1
 24 21 1
 24 22 1
 24 26 1
 24 29 1
 24 31 1
 24 34 1
 24 35 1
 24 37 1
 24 38 1
 24 39 1
 24 40 1
 24 44 1
 24 45 1
 24 46 1
 24 47 1
 24 48 1
 25 1 1
 25 5 1
 25 10 1
 25 11 1
 25 14 1
 25 15 1
 25 16 1
 25 18 1
 25 20 1
 25 21 1
 25 22 1
 25 23 1
 25 24 1
 25 29 1
 25 32 1
 25 33 1
 25 34 1
 25 35 1
 25 37 1
 25 38 1
 25 39 1
 25 40 1
 25 43 1
 25 46 1
 25 50 1
 26 2 1
 26 3 1
 26 4 1
 26 5 1
 26 7 1
 26 8 1
 26 9 1
 26 10 1
 26 12 1
 26 16 1
 26 17 1
 26 18 1
 26 19 1
 26 22 1
 26 23 1
 26 24 1
 26 27 1
 26 29 1
 26 31 1
 26 32 1
 26 33 1
 26 35 1
 26 36 1
 26 38 1
 26 39 1
 26 40 1
 26 41 1
 26 43 1
 26 44 1
 26 47 1
 26 48 1
 27 2 1
 27 3 1
 27 6 1
 27 8 1
 27 9 1
 27 10 1
 27 11 1
 27 12 1
 27 13 1
 27 16 1
 27 17 1
 27 19 1
 27 22 1
 27 23 1
 27 24 1
 27 25 1
 27 35 1
 27 36 1
 27 37 1
 27 40 1
 27 42 1
 27 44 1
 27 46 1
 27 48 1
 27 50 1
 28 3 1
 28 4 1
 28 5 1
 28 7 1
 28 8 1
 28 9 1
 28 10 1
 28 12 1
 28 13 1
 28 14 1
 28 15 1
 28 17 1
 28 18 1
 28 19 1
 28 21 1
 28 22 1
 28 23 1
 28 24 1
 28 25 1
 28 26 1
 28 29 1
 28 30 1
 28 31 1
 28 32 1
 28 33 1
 28 36 1
 28 39 1
 28 40 1
 28 42 1
 28 47 1
 28 49 1
 29 1 1
 29 3 1
 29 4 1
 29 5 1
 29 6 1
 29 9 1
 29 12 1
 29 13 1
 29 15 1
 29 16 1
 29 21 1
 29 22 1
 29 30 1
 29 31 1
 29 32 1
 29 33 1
 29 34 1
 29 36 1
 29 38 1
 29 39 1
 29 41 1
 29 43 1
 29 49 1
 29 50 1
 30 1 1
 30 2 1
 30 9 1
 30 10 1
 30 11 1
 30 12 1
 30 14 1
 30 16 1
 30 18 1
 30 19 1
 30 20 1
 30 23 1
 30 25 1
 30 26 1
 30 27 1
 30 29 1
 30 31 1
 30 33 1
 30 36 1
 30 38 1
 30 39 1
 30 40 1
 30 41 1
 30 44 1
 30 45 1
 30 46 1
 30 47 1
 30 49 1
 30 50 1
 31 1 1
 31 2 1
 31 3 1
 31 6 1
 31 7 1
 31 8 1
 31 9 1
 31 11 1
 31 12 1
 31 15 1
 31 16 1
 31 17 1
 31 18 1
 31 19 1
 31 21 1
 31 22 1
 31 23 1
 31 24 1
 31 25 1
 31 27 1
 31 28 1
 31 30 1
 31 33 1
 31 36 1
 31 37 1
 31 38 1
 31 41 1
 31 44 1
 31 45 1
 31 46 1
 31 47 1
 31 48 1
 31 49 1
 31 50 1
 32 2 1
 32 3 1
 32 4 1
 32 7 1
 32 8 1
 32 10 1
 32 12 1
 32 14 1
 32 16 1
 32 17 1
 32 19 1
 32 20 1
 32 21 1
 32 22 1
 32 23 1
 32 24 1
 32 25 1
 32 27 1
 32 28 1
 32 29 1
 32 30 1
 32 34 1
 32 38 1
 32 39 1
 32 40 1
 32 41 1
