# Created by Octave 4.2.2, Mon Dec 13 20:30:23 2021 CST <lqg@qiguanglin-LC1>
# name: Map
# type: matrix
# rows: 46
# columns: 3
 1 3 1
 1 5 1
 1 6 1
 1 7 1
 1 8 1
 1 9 1
 1 10 1
 2 1 1
 2 4 1
 2 7 1
 3 1 1
 3 4 1
 3 6 1
 3 7 1
 3 8 1
 3 9 1
 3 10 1
 4 1 1
 4 3 1
 4 6 1
 4 8 1
 4 10 1
 5 3 1
 5 4 1
 5 7 1
 5 8 1
 5 9 1
 6 1 1
 6 8 1
 6 9 1
 7 1 1
 7 2 1
 7 3 1
 7 4 1
 7 5 1
 7 6 1
 7 8 1
 8 7 1
 8 9 1
 9 1 1
 9 7 1
 9 10 1
 10 1 1
 10 2 1
 10 6 1
 10 8 1


