# Created by Octave 4.2.2, Mon Dec 13 20:30:31 2021 CST <lqg@qiguanglin-LC1>
# name: Map
# type: matrix
# rows: 951
# columns: 3
 1 2 1
 1 4 1
 1 6 1
 1 8 1
 1 9 1
 1 10 1
 1 11 1
 1 13 1
 1 14 1
 1 15 1
 1 19 1
 1 20 1
 1 21 1
 1 22 1
 1 23 1
 1 24 1
 1 26 1
 1 28 1
 1 29 1
 1 31 1
 1 36 1
 1 37 1
 1 38 1
 1 39 1
 1 40 1
 2 1 1
 2 5 1
 2 6 1
 2 8 1
 2 10 1
 2 12 1
 2 14 1
 2 17 1
 2 19 1
 2 23 1
 2 25 1
 2 26 1
 2 27 1
 2 30 1
 2 32 1
 2 35 1
 2 36 1
 2 38 1
 2 40 1
 3 1 1
 3 2 1
 3 5 1
 3 9 1
 3 10 1
 3 11 1
 3 12 1
 3 14 1
 3 15 1
 3 16 1
 3 17 1
 3 18 1
 3 19 1
 3 23 1
 3 24 1
 3 26 1
 3 27 1
 3 28 1
 3 30 1
 3 31 1
 3 33 1
 3 34 1
 3 38 1
 3 39 1
 4 2 1
 4 5 1
 4 8 1
 4 9 1
 4 10 1
 4 12 1
 4 14 1
 4 18 1
 4 19 1
 4 22 1
 4 23 1
 4 25 1
 4 26 1
 4 27 1
 4 29 1
 4 30 1
 4 32 1
 4 33 1
 4 36 1
 4 37 1
 4 38 1
 4 39 1
 4 40 1
 5 2 1
 5 4 1
 5 6 1
 5 8 1
 5 11 1
 5 12 1
 5 13 1
 5 14 1
 5 16 1
 5 19 1
 5 21 1
 5 24 1
 5 25 1
 5 28 1
 5 29 1
 5 30 1
 5 31 1
 5 32 1
 5 34 1
 5 39 1
 6 1 1
 6 3 1
 6 4 1
 6 5 1
 6 9 1
 6 10 1
 6 11 1
 6 13 1
 6 14 1
 6 17 1
 6 19 1
 6 20 1
 6 21 1
 6 24 1
 6 25 1
 6 26 1
 6 28 1
 6 29 1
 6 30 1
 6 31 1
 6 33 1
 6 34 1
 6 36 1
 6 37 1
 6 38 1
 6 39 1
 7 1 1
 7 4 1
 7 6 1
 7 8 1
 7 9 1
 7 10 1
 7 11 1
 7 14 1
 7 15 1
 7 19 1
 7 20 1
 7 22 1
 7 24 1
 7 25 1
 7 26 1
 7 27 1
 7 28 1
 7 29 1
 7 30 1
 7 31 1
 7 33 1
 7 35 1
 7 36 1
 7 37 1
 7 40 1
 8 1 1
 8 2 1
 8 3 1
 8 4 1
 8 5 1
 8 6 1
 8 9 1
 8 13 1
 8 14 1
 8 15 1
 8 16 1
 8 18 1
 8 21 1
 8 23 1
 8 24 1
 8 25 1
 8 26 1
 8 27 1
 8 29 1
 8 30 1
 8 34 1
 8 36 1
 8 37 1
 8 40 1
 9 2 1
 9 3 1
 9 4 1
 9 5 1
 9 6 1
 9 7 1
 9 8 1
 9 11 1
 9 12 1
 9 13 1
 9 15 1
 9 17 1
 9 22 1
 9 24 1
 9 26 1
 9 27 1
 9 29 1
 9 30 1
 9 31 1
 9 32 1
 9 33 1
 9 34 1
 9 35 1
 9 36 1
 9 37 1
 10 5 1
 10 6 1
 10 8 1
 10 9 1
 10 13 1
 10 16 1
 10 17 1
 10 20 1
 10 21 1
 10 23 1
 10 24 1
 10 25 1
 10 27 1
 10 28 1
 10 31 1
 10 32 1
 10 34 1
 10 35 1
 10 36 1
 10 37 1
 10 38 1
 10 39 1
 11 1 1
 11 4 1
 11 5 1
 11 7 1
 11 8 1
 11 10 1
 11 14 1
 11 16 1
 11 17 1
 11 18 1
 11 19 1
 11 20 1
 11 21 1
 11 23 1
 11 24 1
 11 25 1
 11 26 1
 11 27 1
 11 28 1
 11 29 1
 11 30 1
 11 31 1
 11 32 1
 11 34 1
 11 36 1
 11 37 1
 11 39 1
 12 1 1
 12 2 1
 12 3 1
 12 4 1
 12 5 1
 12 6 1
 12 7 1
 12 8 1
 12 9 1
 12 10 1
 12 11 1
 12 13 1
 12 16 1
 12 19 1
 12 20 1
 12 21 1
 12 22 1
 12 23 1
 12 24 1
 12 25 1
 12 27 1
 12 28 1
 12 29 1
 12 30 1
 12 32 1
 12 33 1
 12 34 1
 12 39 1
 12 40 1
 13 1 1
 13 4 1
 13 6 1
 13 7 1
 13 8 1
 13 9 1
 13 10 1
 13 11 1
 13 12 1
 13 14 1
 13 17 1
 13 18 1
 13 20 1
 13 22 1
 13 23 1
 13 25 1
 13 26 1
 13 27 1
 13 29 1
 13 30 1
 13 33 1
 13 34 1
 13 35 1
 13 36 1
 13 37 1
 13 39 1
 13 40 1
 14 1 1
 14 2 1
 14 4 1
 14 6 1
 14 7 1
 14 8 1
 14 11 1
 14 13 1
 14 15 1
 14 16 1
 14 17 1
 14 18 1
 14 19 1
 14 20 1
 14 22 1
 14 25 1
 14 26 1
 14 27 1
 14 28 1
 14 29 1
 14 30 1
 14 31 1
 14 32 1
 14 33 1
 14 35 1
 14 36 1
 14 40 1
 15 2 1
 15 3 1
 15 4 1
 15 5 1
 15 6 1
 15 9 1
 15 12 1
 15 13 1
 15 18 1
 15 19 1
 15 20 1
 15 23 1
 15 24 1
 15 26 1
 15 28 1
 15 29 1
 15 32 1
 15 34 1
 15 36 1
 15 37 1
 15 40 1
 16 1 1
 16 2 1
 16 3 1
 16 5 1
 16 6 1
 16 7 1
 16 9 1
 16 10 1
 16 13 1
 16 19 1
 16 22 1
 16 26 1
 16 27 1
 16 28 1
 16 30 1
 16 31 1
 16 32 1
 16 38 1
 16 39 1
 16 40 1
 17 1 1
 17 2 1
 17 3 1
 17 4 1
 17 5 1
 17 7 1
 17 8 1
 17 10 1
 17 12 1
 17 13 1
 17 14 1
 17 22 1
 17 23 1
 17 24 1
 17 25 1
 17 26 1
 17 30 1
 17 31 1
 17 32 1
 17 33 1
 17 34 1
 17 35 1
 17 37 1
 18 2 1
 18 3 1
 18 7 1
 18 8 1
 18 11 1
 18 12 1
 18 15 1
 18 16 1
 18 17 1
 18 19 1
 18 21 1
 18 22 1
 18 23 1
 18 25 1
 18 26 1
 18 27 1
 18 28 1
 18 30 1
 18 31 1
 18 32 1
 18 33 1
 18 37 1
 18 38 1
 18 39 1
 18 40 1
 19 1 1
 19 2 1
 19 4 1
 19 6 1
 19 7 1
 19 9 1
 19 10 1
 19 14 1
 19 17 1
 19 20 1
 19 21 1
 19 22 1
 19 26 1
 19 27 1
 19 28 1
 19 29 1
 19 30 1
 19 31 1
 19 32 1
 19 33 1
 19 34 1
 19 35 1
 19 37 1
 19 39 1
 19 40 1
 20 2 1
 20 3 1
 20 4 1
 20 7 1
 20 8 1
 20 9 1
 20 10 1
 20 11 1
 20 13 1
 20 14 1
 20 15 1
 20 16 1
 20 17 1
 20 18 1
 20 21 1
 20 23 1
 20 24 1
 20 25 1
 20 26 1
 20 28 1
 20 30 1
 20 31 1
 20 32 1
 20 33 1
 20 34 1
 20 36 1
 20 37 1
 20 39 1
 21 1 1
 21 2 1
 21 3 1
 21 6 1
 21 7 1
 21 8 1
 21 10 1
 21 12 1
 21 14 1
 21 15 1
 21 17 1
 21 19 1
 21 20 1
 21 22 1
 21 23 1
 21 25 1
 21 26 1
 21 27 1
 21 28 1
 21 29 1
 21 30 1
 21 33 1
 21 34 1
 21 35 1
 21 36 1
 21 38 1
 21 39 1
 22 1 1
 22 2 1
 22 3 1
 22 4 1
 22 5 1
 22 7 1
 22 8 1
 22 9 1
 22 10 1
 22 11 1
 22 14 1
 22 17 1
 22 19 1
 22 24 1
 22 27 1
 22 28 1
 22 29 1
 22 30 1
 22 31 1
 22 35 1
 22 36 1
 22 38 1
 22 40 1
 23 2 1
 23 4 1
 23 5 1
 23 6 1
 23 8 1
 23 9 1
 23 10 1
 23 11 1
 23 12 1
 23 13 1
 23 16 1
 23 17 1
 23 18 1
 23 19 1
 23 22 1
 23 24 1
 23 25 1
 23 28 1
 23 29 1
 23 30 1
 23 31 1
 23 32 1
 23 33 1
 23 35 1
 23 39 1
 23 40 1
 24 1 1
 24 6 1
 24 7 1
 24 10 1
 24 12 1
 24 13 1
 24 16 1
 24 17 1
 24 18 1
 24 19 1
 24 20 1
 24 21 1
 24 26 1
 24 28 1
 24 29 1
 24 30 1
 24 32 1
 24 35 1
 24 39 1
 24 40 1
 25 1 1
 25 2 1
 25 3 1
 25 6 1
 25 8 1
 25 11 1
 25 13 1
 25 14 1
 25 18 1
 25 19 1
 25 20 1
 25 21 1
 25 26 1
 25 31 1
 25 32 1
 25 33 1
 25 34 1
 25 35 1
 25 36 1
 25 39 1
 26 2 1
 26 3 1
 26 4 1
 26 5 1
 26 6 1
 26 8 1
 26 9 1
 26 10 1
 26 11 1
 26 13 1
 26 14 1
 26 16 1
 26 21 1
 26 24 1
 26 28 1
 26 29 1
 26 30 1
 26 31 1
 26 32 1
 26 34 1
 26 37 1
 27 1 1
 27 2 1
 27 3 1
 27 4 1
 27 5 1
 27 7 1
 27 8 1
 27 9 1
 27 13 1
 27 14 1
 27 16 1
 27 18 1
 27 22 1
 27 24 1
 27 25 1
 27 26 1
 27 29 1
 27 31 1
 27 33 1
 27 38 1
 27 39 1
 27 40 1
 28 1 1
 28 3 1
 28 4 1
 28 5 1
 28 6 1
 28 7 1
 28 8 1
 28 12 1
 28 13 1
 28 15 1
 28 16 1
 28 17 1
 28 24 1
 28 25 1
 28 26 1
 28 27 1
 28 29 1
 28 30 1
 28 32 1
 28 33 1
 28 36 1
 28 38 1
 28 40 1
 29 1 1
 29 3 1
 29 4 1
 29 5 1
 29 7 1
 29 9 1
 29 10 1
 29 11 1
 29 13 1
 29 14 1
 29 16 1
 29 17 1
 29 18 1
 29 19 1
 29 20 1
 29 22 1
 29 24 1
 29 25 1
 29 26 1
 29 28 1
 29 31 1
 29 32 1
 29 34 1
 29 37 1
 29 38 1
 29 39 1
 29 40 1
 30 1 1
 30 3 1
 30 4 1
 30 5 1
 30 7 1
 30 10 1
 30 11 1
 30 13 1
 30 15 1
 30 18 1
 30 21 1
 30 22 1
 30 23 1
 30 24 1
 30 25 1
 30 26 1
 30 27 1
 30 28 1
 30 29 1
 30 31 1
 30 33 1
 30 34 1
 30 37 1
 30 38 1
 30 39 1
 30 40 1
 31 1 1
 31 9 1
 31 10 1
 31 13 1
 31 15 1
 31 18 1
 31 19 1
 31 22 1
 31 23 1
 31 24 1
 31 26 1
 31 27 1
 31 30 1
 31 32 1
 31 33 1
 31 34 1
 31 37 1
 31 38 1
 31 39 1
 31 40 1
 32 1 1
 32 2 1
 32 3 1
 32 4 1
 32 6 1
 32 8 1
 32 9 1
 32 10 1
 32 11 1
 32 13 1
 32 14 1
 32 17 1
 32 19 1
 32 20 1
 32 21 1
 32 23 1
 32 25 1
 32 26 1
 32 27 1
 32 29 1
 32 30 1
 32 33 1
 32 36 1
 32 38 1
 32 39 1
 33 1 1
 33 2 1
 33 3 1
 33 4 1
 33 6 1
 33 9 1
 33 10 1
 33 12 1
 33 13 1
 33 14 1
 33 15 1
 33 16 1
 33 17 1
 33 22 1
 33 23 1
 33 24 1
 33 27 1
 33 28 1
 33 29 1
 33 30 1
 33 31 1
 33 32 1
 33 35 1
 33 36 1
 33 37 1
 33 40 1
 34 1 1
 34 2 1
 34 4 1
 34 5 1
 34 6 1
 34 8 1
 34 9 1
 34 10 1
 34 12 1
 34 15 1
 34 16 1
 34 17 1
 34 18 1
 34 19 1
 34 21 1
 34 22 1
 34 23 1
 34 24 1
 34 25 1
 34 26 1
 34 28 1
 34 30 1
 34 33 1
 34 35 1
 34 36 1
 34 37 1
 34 40 1
 35 3 1
 35 4 1
 35 6 1
 35 7 1
 35 8 1
 35 9 1
 35 10 1
 35 11 1
 35 16 1
 35 17 1
 35 18 1
 35 22 1
 35 23 1
 35 24 1
 35 26 1
 35 27 1
 35 28 1
 35 30 1
 35 31 1
 35 32 1
 35 34 1
 35 36 1
 35 37 1
 35 38 1
 35 39 1
 36 1 1
 36 3 1
 36 4 1
 36 7 1
 36 11 1
 36 12 1
 36 13 1
 36 15 1
 36 17 1
 36 20 1
 36 21 1
 36 22 1
 36 23 1
 36 24 1
 36 25 1
 36 27 1
 36 28 1
 36 30 1
 36 31 1
 36 32 1
 36 33 1
 36 34 1
 36 35 1
 36 37 1
 37 1 1
 37 2 1
 37 8 1
 37 10 1
 37 11 1
 37 12 1
 37 14 1
 37 16 1
 37 18 1
 37 19 1
 37 22 1
 37 25 1
 37 27 1
 37 28 1
 37 30 1
 37 33 1
 37 34 1
 37 35 1
 37 36 1
 37 40 1
 38 5 1
 38 8 1
 38 9 1
 38 12 1
 38 16 1
 38 20 1
 38 21 1
 38 22 1
 38 23 1
 38 24 1
 38 26 1
 38 27 1
 38 28 1
 38 33 1
 38 34 1
 38 37 1
 38 39 1
 38 40 1
 39 3 1
 39 4 1
 39 9 1
 39 12 1
 39 13 1
 39 14 1
 39 15 1
 39 16 1
 39 17 1
 39 19 1
 39 20 1
 39 21 1
 39 24 1
 39 25 1
 39 28 1
 39 29 1
