# Created by Octave 4.2.2, Sun Dec 26 13:35:50 2021 CST <lqg@qiguanglin-LC1>
# name: timeDJ
# type: matrix
# rows: 30
# columns: 50
 0.002425909042358398 0.0022430419921875 0.00214385986328125 0.002136945724487305 0.002131938934326172 0.002125978469848633 0.002093076705932617 0.002091169357299805 0.002045154571533203 0.001901865005493164 0.002122163772583008 0.002018213272094727 0.002022027969360352 0.002102136611938477 0.002235889434814453 0.002054929733276367 0.001908063888549805 0.002015113830566406 0.002074956893920898 0.002021074295043945 0.001971006393432617 0.002250909805297852 0.002035856246948242 0.002078056335449219 0.00214385986328125 0.002318143844604492 0.002198219299316406 0.001981019973754883 0.002220869064331055 0.00195002555847168 0.002017021179199219 0.002040863037109375 0.002126932144165039 0.002120018005371094 0.002067089080810547 0.001999139785766602 0.002104997634887695 0.002101898193359375 0.002154111862182617 0.002077817916870117 0.002437829971313477 0.002206087112426758 0.001947164535522461 0.002112865447998047 0.001957893371582031 0.002095937728881836 0.002086877822875977 0.002097129821777344 0.00201106071472168 0.002025127410888672
 0.007933855056762695 0.007576942443847656 0.007838010787963867 0.007616043090820312 0.007795095443725586 0.007285118103027344 0.007462024688720703 0.007791996002197266 0.007586002349853516 0.007627964019775391 0.007512092590332031 0.008302927017211914 0.007599115371704102 0.007730960845947266 0.007422924041748047 0.009903907775878906 0.008128166198730469 0.007811069488525391 0.008500099182128906 0.007894039154052734 0.007791996002197266 0.007541179656982422 0.007767915725708008 0.007887840270996094 0.008655071258544922 0.007861137390136719 0.007551908493041992 0.007754087448120117 0.007603883743286133 0.007585048675537109 0.007612943649291992 0.007681131362915039 0.008394002914428711 0.007816076278686523 0.00772404670715332 0.007764101028442383 0.007714033126831055 0.008149147033691406 0.007791042327880859 0.007657051086425781 0.007851839065551758 0.007831096649169922 0.007642030715942383 0.007712841033935547 0.007884979248046875 0.007862091064453125 0.008006811141967773 0.008510828018188477 0.008240938186645508 0.008241176605224609
 0.01769423484802246 0.01801013946533203 0.01682615280151367 0.01794195175170898 0.01742005348205566 0.01704096794128418 0.01719999313354492 0.01696109771728516 0.01755595207214355 0.01714086532592773 0.01692891120910645 0.01675200462341309 0.01670718193054199 0.01698803901672363 0.01726102828979492 0.01681709289550781 0.01653099060058594 0.01720285415649414 0.01707196235656738 0.01677703857421875 0.01683998107910156 0.01761698722839355 0.01701998710632324 0.01668000221252441 0.01706099510192871 0.01724386215209961 0.01727914810180664 0.01690387725830078 0.01670408248901367 0.01724410057067871 0.01693606376647949 0.01709699630737305 0.01793909072875977 0.01706504821777344 0.01736998558044434 0.01819491386413574 0.01698994636535645 0.01863002777099609 0.01703619956970215 0.01720499992370605 0.01684188842773438 0.0169219970703125 0.01714301109313965 0.01718711853027344 0.0169379711151123 0.01690793037414551 0.01708102226257324 0.01700711250305176 0.01714897155761719 0.01712894439697266
 0.02970099449157715 0.02956509590148926 0.02934098243713379 0.02940583229064941 0.02904605865478516 0.0290989875793457 0.02981114387512207 0.02894687652587891 0.02881908416748047 0.02966594696044922 0.02903008460998535 0.02910780906677246 0.02878284454345703 0.02892804145812988 0.03006601333618164 0.03094911575317383 0.02901887893676758 0.02934503555297852 0.03020906448364258 0.03249001502990723 0.03344607353210449 0.02880501747131348 0.02974295616149902 0.02964496612548828 0.02961301803588867 0.0311119556427002 0.02977490425109863 0.02946805953979492 0.02956104278564453 0.02939987182617188 0.02948808670043945 0.02938389778137207 0.02954006195068359 0.02934408187866211 0.03079795837402344 0.02858686447143555 0.03113794326782227 0.0287930965423584 0.02979588508605957 0.02992510795593262 0.03015899658203125 0.02977490425109863 0.02999997138977051 0.02911186218261719 0.03007411956787109 0.02957296371459961 0.02912092208862305 0.02889919281005859 0.0290219783782959 0.02957010269165039
 0.04425287246704102 0.04452109336853027 0.0442500114440918 0.04485487937927246 0.04579997062683105 0.04899191856384277 0.0470278263092041 0.04468107223510742 0.04430985450744629 0.04360008239746094 0.04451990127563477 0.04507899284362793 0.04484391212463379 0.04442691802978516 0.0453181266784668 0.04428315162658691 0.04431796073913574 0.04656600952148438 0.04509401321411133 0.04479598999023438 0.0455479621887207 0.04468917846679688 0.04447603225708008 0.04486083984375 0.05098319053649902 0.04470992088317871 0.04499697685241699 0.04410409927368164 0.04425501823425293 0.04536795616149902 0.04477906227111816 0.04430198669433594 0.04408383369445801 0.04470109939575195 0.04432106018066406 0.04554200172424316 0.04439306259155273 0.04473400115966797 0.04527592658996582 0.04403495788574219 0.04459500312805176 0.04407811164855957 0.04447484016418457 0.04565811157226562 0.04461908340454102 0.04728388786315918 0.04478096961975098 0.04509091377258301 0.0462501049041748 0.04618716239929199
 0.06398487091064453 0.06460690498352051 0.06359004974365234 0.063323974609375 0.06415390968322754 0.06359219551086426 0.06361889839172363 0.06320095062255859 0.06708693504333496 0.07132101058959961 0.06330394744873047 0.07226896286010742 0.06530094146728516 0.06397509574890137 0.06341290473937988 0.06448006629943848 0.0638730525970459 0.06364917755126953 0.0638270378112793 0.06377387046813965 0.06664013862609863 0.06358194351196289 0.06380200386047363 0.06347298622131348 0.06471896171569824 0.06386995315551758 0.06368517875671387 0.0641019344329834 0.06553292274475098 0.06446409225463867 0.06451797485351562 0.07170891761779785 0.06439590454101562 0.06408500671386719 0.06400680541992188 0.06441283226013184 0.06825518608093262 0.06661701202392578 0.06724810600280762 0.06427407264709473 0.0637199878692627 0.06688594818115234 0.06695890426635742 0.06425189971923828 0.06482911109924316 0.06374883651733398 0.06439685821533203 0.06318020820617676 0.06457805633544922 0.06496286392211914
 0.08726596832275391 0.08834195137023926 0.08719801902770996 0.08637714385986328 0.08641314506530762 0.08568096160888672 0.08591508865356445 0.08663797378540039 0.09154200553894043 0.0860590934753418 0.08550906181335449 0.0869140625 0.08591008186340332 0.08606791496276855 0.08650779724121094 0.08518600463867188 0.08533692359924316 0.08578109741210938 0.09029293060302734 0.08573389053344727 0.0853118896484375 0.08867287635803223 0.08727908134460449 0.0857388973236084 0.08881378173828125 0.08464193344116211 0.0865628719329834 0.08548498153686523 0.08618807792663574 0.08694219589233398 0.08605003356933594 0.09221386909484863 0.08703780174255371 0.08553409576416016 0.08617305755615234 0.08577513694763184 0.08620309829711914 0.0865778923034668 0.0855860710144043 0.08577799797058105 0.08604001998901367 0.08491611480712891 0.08478212356567383 0.0863041877746582 0.08647990226745605 0.0866091251373291 0.09087800979614258 0.08737611770629883 0.08758902549743652 0.08691906929016113
