# Created by Octave 4.2.2, Sun Dec 26 13:35:50 2021 CST <lqg@qiguanglin-LC1>
# name: timeAS
# type: matrix
# rows: 30
# columns: 50
 0.0002310276031494141 0.0006861686706542969 0.0008471012115478516 0.0008139610290527344 0.0008518695831298828 0.0008618831634521484 0.0005979537963867188 0.0005381107330322266 0.0006420612335205078 0.0005159378051757812 0.00072479248046875 0.0002269744873046875 0.0008780956268310547 0.0007331371307373047 0.0008280277252197266 0.0006051063537597656 0.0004451274871826172 0.0004379749298095703 0.0007448196411132812 0.0008070468902587891 0.0002181529998779297 0.0008549690246582031 0.0004210472106933594 0.0005428791046142578 0.0002198219299316406 0.0008130073547363281 0.0008399486541748047 0.0003418922424316406 0.0005490779876708984 0.0003099441528320312 0.0003440380096435547 0.0002350807189941406 0.0003461837768554688 0.0008440017700195312 0.0007960796356201172 0.000209808349609375 0.0005497932434082031 0.0003628730773925781 0.0007770061492919922 0.0005629062652587891 0.0005619525909423828 0.0008728504180908203 0.0002260208129882812 0.0004551410675048828 0.0004439353942871094 0.0003530979156494141 0.0007579326629638672 0.0007450580596923828 0.0004029273986816406 0.0002429485321044922
 0.003242969512939453 0.001065969467163086 0.003113031387329102 0.002995014190673828 0.001638174057006836 0.0008671283721923828 0.002737045288085938 0.002735137939453125 0.00270390510559082 0.002524852752685547 0.003314018249511719 0.001494884490966797 0.0006449222564697266 0.002376794815063477 0.0008728504180908203 0.002236843109130859 0.002894163131713867 0.003401994705200195 0.00260615348815918 0.003082990646362305 0.0006861686706542969 0.0004148483276367188 0.0009298324584960938 0.001250028610229492 0.003134012222290039 0.003052949905395508 0.001489877700805664 0.002444028854370117 0.0004379749298095703 0.0004270076751708984 0.002173185348510742 0.002351045608520508 0.001267910003662109 0.001320123672485352 0.001484155654907227 0.002135038375854492 0.001295089721679688 0.002577066421508789 0.001318931579589844 0.003033876419067383 0.002956867218017578 0.001857995986938477 0.0006649494171142578 0.001878976821899414 0.003165006637573242 0.002617835998535156 0.0009429454803466797 0.003082990646362305 0.002710103988647461 0.000946044921875
 0.006441116333007812 0.005868196487426758 0.0005979537963867188 0.007096052169799805 0.005411148071289062 0.00365900993347168 0.002594947814941406 0.001260995864868164 0.003467082977294922 0.005843162536621094 0.007023811340332031 0.0009768009185791016 0.001671075820922852 0.00521397590637207 0.004750967025756836 0.002543926239013672 0.001589059829711914 0.007039070129394531 0.005575180053710938 0.00137019157409668 0.003911018371582031 0.006973981857299805 0.002696037292480469 0.0005719661712646484 0.006621837615966797 0.004755973815917969 0.005892038345336914 0.005439043045043945 0.002902030944824219 0.006381034851074219 0.004807949066162109 0.002851963043212891 0.006745100021362305 0.004178047180175781 0.006763935089111328 0.005872011184692383 0.005437135696411133 0.004864931106567383 0.006546974182128906 0.005671977996826172 0.003437995910644531 0.006259918212890625 0.005038976669311523 0.006370067596435547 0.004630088806152344 0.004637002944946289 0.005115985870361328 0.004396915435791016 0.005852937698364258 0.003130912780761719
 0.01070404052734375 0.01139402389526367 0.009095907211303711 0.01102685928344727 0.01129293441772461 0.005341053009033203 0.009871006011962891 0.005425930023193359 0.008852005004882812 0.01079177856445312 0.01115512847900391 0.009500980377197266 0.001819849014282227 0.005012989044189453 0.0008640289306640625 0.01220893859863281 0.008594036102294922 0.00810694694519043 0.00563812255859375 0.01251697540283203 0.01197099685668945 0.001670122146606445 0.01195693016052246 0.003756046295166016 0.01102495193481445 0.0105900764465332 0.006047964096069336 0.009922027587890625 0.006428003311157227 0.006952047348022461 0.004541873931884766 0.006515979766845703 0.008287906646728516 0.0008118152618408203 0.00386810302734375 0.004537105560302734 0.008090019226074219 0.003010034561157227 0.009795904159545898 0.003174066543579102 0.01091790199279785 0.006132125854492188 0.008619070053100586 0.008498191833496094 0.007021903991699219 0.007722854614257812 0.002187013626098633 0.007061958312988281 0.01030707359313965 0.007004976272583008
 0.006721973419189453 0.009813070297241211 0.009962797164916992 0.003782987594604492 0.02006387710571289 0.01286005973815918 0.01427292823791504 0.01445198059082031 0.01476502418518066 0.001967906951904297 0.01855206489562988 0.01292204856872559 0.005979061126708984 0.01541280746459961 0.01483392715454102 0.009721994400024414 0.01538300514221191 0.005205869674682617 0.01723790168762207 0.01307296752929688 0.01175093650817871 0.01881790161132812 0.005977869033813477 0.01241087913513184 0.01789522171020508 0.00380706787109375 0.004800081253051758 0.006826877593994141 0.01256799697875977 0.01884317398071289 0.006881952285766602 0.005785942077636719 0.004733085632324219 0.00529789924621582 0.01633286476135254 0.008591890335083008 0.002036094665527344 0.01217508316040039 0.01881694793701172 0.01350998878479004 0.002112865447998047 0.01246905326843262 0.01351284980773926 0.01687192916870117 0.01079082489013672 0.01788592338562012 0.002594947814941406 0.01730108261108398 0.01998090744018555 0.01352310180664062
 0.01091480255126953 0.02389192581176758 0.01719117164611816 0.0241091251373291 0.01142096519470215 0.005681037902832031 0.00683903694152832 0.01968693733215332 0.007153987884521484 0.01544690132141113 0.02126598358154297 0.01640987396240234 0.02528905868530273 0.01490187644958496 0.005733013153076172 0.02532100677490234 0.01815485954284668 0.01151800155639648 0.01817893981933594 0.02135181427001953 0.01133298873901367 0.007616996765136719 0.02209901809692383 0.01306509971618652 0.02109813690185547 0.02011513710021973 0.02150297164916992 0.002430915832519531 0.0261540412902832 0.003240823745727539 0.02677011489868164 0.01985597610473633 0.002464056015014648 0.02700495719909668 0.006439924240112305 0.007196187973022461 0.02245998382568359 0.01142716407775879 0.01137518882751465 0.01801013946533203 0.006438016891479492 0.02625107765197754 0.02523303031921387 0.02308201789855957 0.02202916145324707 0.005116939544677734 0.01077699661254883 0.02071213722229004 0.02707409858703613 0.02836894989013672
 0.03012204170227051 0.008924007415771484 0.03692507743835449 0.03537106513977051 0.01786994934082031 0.01482295989990234 0.001322031021118164 0.0263068675994873 0.03457307815551758 0.02862906455993652 0.02110791206359863 0.01723599433898926 0.01894688606262207 0.03459000587463379 0.03473377227783203 0.002038002014160156 0.007322072982788086 0.008889198303222656 0.03553295135498047 0.02047395706176758 0.01288604736328125 0.03505706787109375 0.03162407875061035 0.001468181610107422 0.01636219024658203 0.009513139724731445 0.0317230224609375 0.01412606239318848 0.03046107292175293 0.03172802925109863 0.03758788108825684 0.006696939468383789 0.02938199043273926 0.002167940139770508 0.01015591621398926 0.01228690147399902 0.02770805358886719 0.02132415771484375 0.01018190383911133 0.01474213600158691 0.0282440185546875 0.01220083236694336 0.01758694648742676 0.02714204788208008 0.01492500305175781 0.03180098533630371 0.02620315551757812 0.03313398361206055 0.03140783309936523 0.03334498405456543
