# Created by Octave 4.2.2, Sun Dec 26 13:35:50 2021 CST <lqg@qiguanglin-LC1>
# name: timeBF
# type: matrix
# rows: 30
# columns: 50
 0.006151914596557617 0.005904912948608398 0.006008148193359375 0.005768060684204102 0.005944967269897461 0.005851030349731445 0.005836009979248047 0.005847930908203125 0.005774974822998047 0.00567317008972168 0.005877971649169922 0.00574493408203125 0.005745887756347656 0.005820035934448242 0.005743026733398438 0.005760908126831055 0.005662918090820312 0.005742073059082031 0.005803108215332031 0.005772113800048828 0.005723953247070312 0.005809783935546875 0.005810022354125977 0.005776166915893555 0.005889177322387695 0.005810022354125977 0.005849838256835938 0.005753993988037109 0.005724906921386719 0.005631923675537109 0.006615161895751953 0.005659818649291992 0.00587010383605957 0.005772829055786133 0.005800008773803711 0.005769968032836914 0.005952835083007812 0.005975961685180664 0.005769014358520508 0.005997896194458008 0.005867958068847656 0.005856037139892578 0.005825042724609375 0.006323814392089844 0.005893945693969727 0.006012916564941406 0.005897998809814453 0.005949974060058594 0.005664825439453125 0.006228923797607422
 0.04901790618896484 0.04706001281738281 0.04584598541259766 0.04614901542663574 0.04740095138549805 0.04660797119140625 0.04622507095336914 0.0468909740447998 0.04710102081298828 0.04647302627563477 0.04660511016845703 0.04864907264709473 0.0464789867401123 0.0463249683380127 0.04642891883850098 0.0551750659942627 0.04860186576843262 0.04785895347595215 0.05207014083862305 0.04873299598693848 0.04879117012023926 0.04808402061462402 0.04852890968322754 0.04834985733032227 0.04839205741882324 0.04804396629333496 0.04852485656738281 0.04977798461914062 0.04800891876220703 0.04814696311950684 0.04817700386047363 0.04807186126708984 0.048065185546875 0.04788112640380859 0.04788899421691895 0.04807591438293457 0.0481407642364502 0.04798293113708496 0.04885697364807129 0.04943490028381348 0.04864192008972168 0.04845404624938965 0.0481879711151123 0.04820990562438965 0.04823184013366699 0.05022215843200684 0.05000805854797363 0.0500948429107666 0.05025100708007812 0.05033302307128906
 0.1702249050140381 0.1691908836364746 0.1647880077362061 0.1663858890533447 0.1719460487365723 0.1659510135650635 0.16652512550354 0.1661789417266846 0.1666650772094727 0.1650841236114502 0.1641509532928467 0.1633269786834717 0.1636989116668701 0.1637980937957764 0.1633999347686768 0.1634149551391602 0.1660380363464355 0.1662712097167969 0.1670989990234375 0.1641979217529297 0.1653859615325928 0.1652209758758545 0.1632759571075439 0.1643209457397461 0.1639981269836426 0.1639118194580078 0.1637470722198486 0.1641860008239746 0.1650021076202393 0.1643619537353516 0.1654529571533203 0.1740379333496094 0.1662960052490234 0.16497802734375 0.1678791046142578 0.1659049987792969 0.1678321361541748 0.1745009422302246 0.1664531230926514 0.1663739681243896 0.1659820079803467 0.1663501262664795 0.1652750968933105 0.1655669212341309 0.1644768714904785 0.1641659736633301 0.1645290851593018 0.1644740104675293 0.1648128032684326 0.1639800071716309
 0.3932831287384033 0.3923130035400391 0.391685962677002 0.3953778743743896 0.3865320682525635 0.3902969360351562 0.3883368968963623 0.3883621692657471 0.3894369602203369 0.3878011703491211 0.3872101306915283 0.3874080181121826 0.3881940841674805 0.3917191028594971 0.3977730274200439 0.4008839130401611 0.3902630805969238 0.3937768936157227 0.4192490577697754 0.4233360290527344 0.4033999443054199 0.3926670551300049 0.3969340324401855 0.3970119953155518 0.3921639919281006 0.4062340259552002 0.4149949550628662 0.3906059265136719 0.3929219245910645 0.3914430141448975 0.4072909355163574 0.405893087387085 0.3948400020599365 0.3943629264831543 0.3950209617614746 0.3924820423126221 0.4151680469512939 0.3992540836334229 0.3927280902862549 0.395205020904541 0.3893649578094482 0.3913590908050537 0.3910989761352539 0.39198899269104 0.3939661979675293 0.3921070098876953 0.3919930458068848 0.3910188674926758 0.3923089504241943 0.3944940567016602
 0.7632961273193359 0.7687211036682129 0.7739989757537842 0.774989128112793 0.7824559211730957 0.7681710720062256 0.7727038860321045 0.7661991119384766 0.7669188976287842 0.7603681087493896 0.7618999481201172 0.7660081386566162 0.7717931270599365 0.7573089599609375 0.7695119380950928 0.7740800380706787 0.7680151462554932 0.7809011936187744 0.7699630260467529 0.7720439434051514 0.7689948081970215 0.7858009338378906 0.7737789154052734 0.7710988521575928 0.7729411125183105 0.7713840007781982 0.7724840641021729 0.773266077041626 0.7683470249176025 0.7756838798522949 0.7643589973449707 0.7620139122009277 0.7622799873352051 0.7614529132843018 0.7696239948272705 0.7714400291442871 0.761091947555542 0.7838451862335205 0.7927229404449463 0.7645969390869141 0.7708210945129395 0.7655439376831055 0.765408992767334 0.768064022064209 0.7761681079864502 0.7804980278015137 0.7652351856231689 0.7711629867553711 0.7785689830780029 0.7625069618225098
 1.329140901565552 1.32305383682251 1.338142156600952 1.333218097686768 1.338979005813599 1.320945978164673 1.323271036148071 1.317049980163574 1.323112964630127 1.38046407699585 1.35223913192749 1.352082014083862 1.333742141723633 1.325570106506348 1.323113918304443 1.327988862991333 1.346622943878174 1.340385913848877 1.339208841323853 1.340466976165771 1.340590953826904 1.325309038162231 1.325813055038452 1.339210987091064 1.33382511138916 1.33142614364624 1.357824087142944 1.342888116836548 1.331029891967773 1.338405132293701 1.33055591583252 1.368732929229736 1.3520348072052 1.342485189437866 1.333776950836182 1.34854793548584 1.380269050598145 1.36262583732605 1.38087010383606 1.367653131484985 1.335999011993408 1.345633983612061 1.359324932098389 1.327516794204712 1.355654001235962 1.341547012329102 1.39100980758667 1.324388980865479 1.341332912445068 1.366301774978638
 2.154008150100708 2.15531587600708 2.116022825241089 2.13700795173645 2.129326105117798 2.121425867080688 2.116630077362061 2.120882987976074 2.153796911239624 2.109856843948364 2.125217914581299 2.121390104293823 2.122982025146484 2.136173963546753 2.134459972381592 2.106797933578491 2.118227958679199 2.136575937271118 2.109056949615479 2.125011205673218 2.124410152435303 2.124254941940308 2.160737991333008 2.136152982711792 2.103245973587036 2.118685960769653 2.134456872940063 2.112014055252075 2.137151002883911 2.148435115814209 2.12955904006958 2.152566909790039 2.13860297203064 2.228130102157593 2.107039213180542 2.099896907806396 2.118506908416748 2.14696192741394 2.128422975540161 2.119856834411621 2.128837823867798 2.129010915756226 2.117950916290283 2.129998922348022 2.143187999725342 2.128583908081055 2.120171070098877 2.130429983139038 2.129546880722046 2.127832174301147
 3.178035974502563 3.168859004974365 3.17300009727478 3.152486085891724 3.169913053512573 3.213509082794189 3.194276094436646 3.315853118896484 3.365643978118896 3.233498096466064 3.134008884429932 3.190263986587524 3.146644115447998 3.125272035598755 3.119935035705566 3.169462203979492 3.160896062850952 3.121953964233398 3.256964921951294 3.241382122039795 3.144665956497192 3.140040874481201 3.133572816848755 3.091920852661133 3.111017942428589 3.12848687171936 3.126644849777222 3.156533002853394 3.230752944946289 3.173181056976318 3.14783501625061 3.18966817855835 3.26214599609375 3.105185031890869 3.123708009719849 3.115563869476318 3.102972984313965 3.19542407989502 3.203691005706787 3.172829866409302 3.130859136581421 3.165926933288574 3.141243934631348 3.126310110092163 3.17268705368042 3.1735680103302 3.105592012405396 3.152521848678589 3.124414920806885 3.168013095855713
