# Created by Octave 4.2.2, Sun Dec 26 13:35:50 2021 CST <lqg@qiguanglin-LC1>
# name: timeRA
# type: matrix
# rows: 30
# columns: 50
 0.001755952835083008 0.001961946487426758 0.002240896224975586 0.002173900604248047 0.002398967742919922 0.002271890640258789 0.001903057098388672 0.002034902572631836 0.001841068267822266 0.00152897834777832 0.002053976058959961 0.00133204460144043 0.00197291374206543 0.002101898193359375 0.002379894256591797 0.001922130584716797 0.001390933990478516 0.001392126083374023 0.00206303596496582 0.001941919326782227 0.001368999481201172 0.002564191818237305 0.001598834991455078 0.001575946807861328 0.001739025115966797 0.002310991287231445 0.002255916595458984 0.001415014266967773 0.002249956130981445 0.001203775405883789 0.00133204460144043 0.001267910003662109 0.001981973648071289 0.002281904220581055 0.002091884613037109 0.001370906829833984 0.00200200080871582 0.001785993576049805 0.001900911331176758 0.001618862152099609 0.001971960067749023 0.002153873443603516 0.001263856887817383 0.001851797103881836 0.001427173614501953 0.001817941665649414 0.002046823501586914 0.002092838287353516 0.001497030258178711 0.001561880111694336
 0.005215883255004883 0.002819061279296875 0.004697084426879883 0.004610061645507812 0.003994941711425781 0.002652883529663086 0.003618001937866211 0.004899024963378906 0.004190921783447266 0.004256010055541992 0.004642963409423828 0.004691839218139648 0.003011941909790039 0.004300832748413086 0.002808809280395508 0.005491018295288086 0.004777908325195312 0.00386500358581543 0.004962921142578125 0.005016088485717773 0.003020048141479492 0.002656936645507812 0.003182172775268555 0.003318071365356445 0.005230903625488281 0.004586935043334961 0.002951145172119141 0.004227161407470703 0.002530813217163086 0.002455949783325195 0.00377202033996582 0.003508090972900391 0.004163980484008789 0.003453969955444336 0.003473043441772461 0.004359006881713867 0.003030061721801758 0.004935026168823242 0.003196001052856445 0.004575967788696289 0.004477977752685547 0.003381967544555664 0.002753019332885742 0.003240108489990234 0.00492095947265625 0.004945039749145508 0.00315093994140625 0.005064010620117188 0.004528999328613281 0.003578901290893555
 0.008563041687011719 0.007771015167236328 0.004961967468261719 0.009423017501831055 0.007188081741333008 0.00621485710144043 0.006004095077514648 0.004705905914306641 0.006910800933837891 0.007977008819580078 0.00731205940246582 0.0047149658203125 0.005254030227661133 0.006196022033691406 0.007737159729003906 0.005365133285522461 0.004335165023803711 0.008173942565917969 0.006807088851928711 0.004539012908935547 0.006372928619384766 0.008769989013671875 0.006680011749267578 0.004130125045776367 0.008139133453369141 0.006803035736083984 0.007922887802124023 0.007245063781738281 0.005496978759765625 0.00775599479675293 0.005680084228515625 0.005280017852783203 0.007421016693115234 0.00699615478515625 0.008023977279663086 0.007813930511474609 0.007411956787109375 0.007002115249633789 0.006924867630004883 0.006761789321899414 0.005779027938842773 0.007521152496337891 0.007627010345458984 0.008962869644165039 0.006941080093383789 0.006238937377929688 0.007250785827636719 0.005944013595581055 0.007854938507080078 0.005892038345336914
 0.01010704040527344 0.009521007537841797 0.009087800979614258 0.008675813674926758 0.009183883666992188 0.007276058197021484 0.01126503944396973 0.007853031158447266 0.009274005889892578 0.0111091136932373 0.009636878967285156 0.009330987930297852 0.006315946578979492 0.007321834564208984 0.005864143371582031 0.01271700859069824 0.008152961730957031 0.01004981994628906 0.007166147232055664 0.01051497459411621 0.01109194755554199 0.005769968032836914 0.01238107681274414 0.007802009582519531 0.008928060531616211 0.01031494140625 0.009153127670288086 0.009984970092773438 0.006860971450805664 0.007516860961914062 0.006945133209228516 0.008038043975830078 0.009134054183959961 0.006181955337524414 0.008263111114501953 0.007529020309448242 0.008899927139282227 0.0065460205078125 0.009431123733520508 0.006478071212768555 0.01035904884338379 0.009978055953979492 0.009755134582519531 0.008383989334106445 0.008948087692260742 0.008579015731811523 0.006342172622680664 0.007128000259399414 0.009770870208740234 0.008311033248901367
 0.007157802581787109 0.007798194885253906 0.008375883102416992 0.007730960845947266 0.01240205764770508 0.009299993515014648 0.01032304763793945 0.008238077163696289 0.009858846664428711 0.005698919296264648 0.01303195953369141 0.009842157363891602 0.008599996566772461 0.01066684722900391 0.01180100440979004 0.008684158325195312 0.01099586486816406 0.008516073226928711 0.01277613639831543 0.009739160537719727 0.01010513305664062 0.01176810264587402 0.008461952209472656 0.01038289070129395 0.01739406585693359 0.008629083633422852 0.009248971939086914 0.007277965545654297 0.008194208145141602 0.01099801063537598 0.009042978286743164 0.008892059326171875 0.00757288932800293 0.008948087692260742 0.01108503341674805 0.008292913436889648 0.006862878799438477 0.009406089782714844 0.01391077041625977 0.01002311706542969 0.007679939270019531 0.008948087692260742 0.009253978729248047 0.01199197769165039 0.009518146514892578 0.01244902610778809 0.007982015609741211 0.0114288330078125 0.01260495185852051 0.01213788986206055
 0.01119518280029297 0.01495790481567383 0.01249790191650391 0.01564288139343262 0.01066803932189941 0.01030206680297852 0.009346961975097656 0.01421999931335449 0.01071000099182129 0.01362919807434082 0.01258397102355957 0.01605010032653809 0.01684188842773438 0.01246809959411621 0.01170992851257324 0.01706099510192871 0.01241588592529297 0.01199889183044434 0.01326990127563477 0.01613879203796387 0.01109004020690918 0.009799003601074219 0.01314902305603027 0.01224708557128906 0.0171051025390625 0.01188302040100098 0.01276493072509766 0.009158849716186523 0.01833295822143555 0.01084589958190918 0.01749706268310547 0.0113379955291748 0.008382797241210938 0.01576113700866699 0.01048994064331055 0.01047611236572266 0.01547598838806152 0.01263785362243652 0.01086616516113281 0.01241493225097656 0.01008796691894531 0.01979303359985352 0.01675915718078613 0.01578688621520996 0.01474189758300781 0.009095907211303711 0.01089882850646973 0.01367402076721191 0.01763510704040527 0.01745700836181641
 0.01619482040405273 0.01142215728759766 0.02046585083007812 0.01564693450927734 0.01368999481201172 0.0128180980682373 0.01017093658447266 0.01672196388244629 0.01937603950500488 0.01876711845397949 0.01580381393432617 0.01517581939697266 0.01280689239501953 0.01833987236022949 0.02070879936218262 0.009773015975952148 0.01136684417724609 0.01156806945800781 0.02140998840332031 0.01424598693847656 0.01173186302185059 0.01705288887023926 0.01788806915283203 0.009911060333251953 0.01413106918334961 0.0107731819152832 0.0192568302154541 0.01283097267150879 0.01758909225463867 0.01789498329162598 0.0180962085723877 0.01201510429382324 0.01529479026794434 0.009865999221801758 0.01351594924926758 0.0108039379119873 0.01632499694824219 0.01652383804321289 0.01076698303222656 0.01246190071105957 0.01780509948730469 0.01157093048095703 0.01244401931762695 0.01657390594482422 0.01611804962158203 0.0194859504699707 0.01512002944946289 0.01981997489929199 0.01602792739868164 0.01911091804504395
