# Created by Octave 4.2.2, Sun Dec 26 13:35:50 2021 CST <lqg@qiguanglin-LC1>
# name: avgPaths
# type: matrix
# rows: 30
# columns: 1
 34
 106
 213
 296
 320
 475
 558
 615
 636
 703
 721
 871
 995
 1080
 1178
 1250
 1299
 1343
 1418
 1499
 1643
 1705
 1785
 1907
 2099
 2233
 2432
 2639
 2749
 2985


