# Created by Octave 4.2.2, Mon Dec 13 20:30:45 2021 CST <lqg@qiguanglin-LC1>
# name: Map
# type: matrix
# rows: 1450
# columns: 3
 1 3 1
 1 4 1
 1 5 1
 1 6 1
 1 7 1
 1 8 1
 1 9 1
 1 10 1
 1 11 1
 1 13 1
 1 16 1
 1 17 1
 1 19 1
 1 20 1
 1 23 1
 1 25 1
 1 26 1
 1 27 1
 1 29 1
 1 30 1
 1 31 1
 1 32 1
 1 33 1
 1 34 1
 1 36 1
 1 37 1
 1 38 1
 1 39 1
 1 40 1
 1 41 1
 1 42 1
 1 43 1
 1 44 1
 1 45 1
 1 48 1
 1 50 1
 2 3 1
 2 4 1
 2 5 1
 2 10 1
 2 11 1
 2 14 1
 2 15 1
 2 17 1
 2 18 1
 2 20 1
 2 22 1
 2 23 1
 2 25 1
 2 26 1
 2 29 1
 2 31 1
 2 32 1
 2 33 1
 2 34 1
 2 35 1
 2 37 1
 2 39 1
 2 43 1
 2 44 1
 2 45 1
 2 46 1
 2 48 1
 2 50 1
 3 4 1
 3 6 1
 3 8 1
 3 9 1
 3 10 1
 3 12 1
 3 18 1
 3 19 1
 3 20 1
 3 22 1
 3 24 1
 3 25 1
 3 26 1
 3 27 1
 3 28 1
 3 31 1
 3 33 1
 3 35 1
 3 36 1
 3 37 1
 3 38 1
 3 39 1
 3 42 1
 3 43 1
 3 44 1
 3 47 1
 3 49 1
 3 50 1
 4 2 1
 4 8 1
 4 9 1
 4 10 1
 4 12 1
 4 14 1
 4 18 1
 4 20 1
 4 21 1
 4 22 1
 4 25 1
 4 26 1
 4 28 1
 4 29 1
 4 30 1
 4 31 1
 4 32 1
 4 33 1
 4 36 1
 4 37 1
 4 41 1
 4 42 1
 4 43 1
 4 44 1
 4 45 1
 4 48 1
 4 50 1
 5 1 1
 5 2 1
 5 4 1
 5 8 1
 5 9 1
 5 11 1
 5 13 1
 5 14 1
 5 18 1
 5 19 1
 5 21 1
 5 24 1
 5 25 1
 5 28 1
 5 30 1
 5 31 1
 5 32 1
 5 33 1
 5 34 1
 5 36 1
 5 37 1
 5 38 1
 5 39 1
 5 43 1
 5 45 1
 5 46 1
 5 47 1
 5 48 1
 5 49 1
 5 50 1
 6 2 1
 6 4 1
 6 8 1
 6 10 1
 6 11 1
 6 12 1
 6 13 1
 6 14 1
 6 16 1
 6 19 1
 6 20 1
 6 21 1
 6 22 1
 6 27 1
 6 28 1
 6 29 1
 6 31 1
 6 32 1
 6 33 1
 6 34 1
 6 35 1
 6 36 1
 6 38 1
 6 41 1
 6 44 1
 6 45 1
 6 46 1
 6 48 1
 7 2 1
 7 3 1
 7 5 1
 7 6 1
 7 8 1
 7 9 1
 7 11 1
 7 12 1
 7 14 1
 7 15 1
 7 18 1
 7 20 1
 7 21 1
 7 24 1
 7 30 1
 7 31 1
 7 32 1
 7 33 1
 7 35 1
 7 36 1
 7 39 1
 7 40 1
 7 41 1
 7 43 1
 7 45 1
 7 46 1
 7 48 1
 7 49 1
 8 1 1
 8 4 1
 8 6 1
 8 9 1
 8 17 1
 8 18 1
 8 19 1
 8 22 1
 8 27 1
 8 33 1
 8 35 1
 8 37 1
 8 38 1
 8 40 1
 8 43 1
 8 44 1
 8 45 1
 8 47 1
 8 48 1
 8 49 1
 9 1 1
 9 2 1
 9 3 1
 9 4 1
 9 7 1
 9 8 1
 9 10 1
 9 11 1
 9 12 1
 9 14 1
 9 15 1
 9 17 1
 9 19 1
 9 20 1
 9 22 1
 9 24 1
 9 25 1
 9 26 1
 9 28 1
 9 29 1
 9 30 1
 9 31 1
 9 32 1
 9 33 1
 9 34 1
 9 37 1
 9 40 1
 9 41 1
 9 43 1
 9 44 1
 9 47 1
 9 48 1
 9 49 1
 9 50 1
 10 3 1
 10 5 1
 10 7 1
 10 9 1
 10 12 1
 10 13 1
 10 15 1
 10 16 1
 10 22 1
 10 23 1
 10 25 1
 10 26 1
 10 28 1
 10 29 1
 10 30 1
 10 31 1
 10 33 1
 10 34 1
 10 35 1
 10 36 1
 10 38 1
 10 39 1
 10 40 1
 10 41 1
 10 43 1
 10 44 1
 10 45 1
 10 46 1
 10 47 1
 10 50 1
 11 3 1
 11 4 1
 11 6 1
 11 7 1
 11 8 1
 11 9 1
 11 10 1
 11 13 1
 11 14 1
 11 16 1
 11 17 1
 11 22 1
 11 23 1
 11 25 1
 11 27 1
 11 28 1
 11 30 1
 11 31 1
 11 32 1
 11 33 1
 11 35 1
 11 37 1
 11 38 1
 11 39 1
 11 40 1
 11 41 1
 11 42 1
 11 43 1
 11 44 1
 11 45 1
 11 46 1
 11 47 1
 11 48 1
 11 50 1
 12 1 1
 12 4 1
 12 8 1
 12 9 1
 12 11 1
 12 14 1
 12 16 1
 12 19 1
 12 20 1
 12 22 1
 12 23 1
 12 25 1
 12 26 1
 12 27 1
 12 32 1
 12 33 1
 12 35 1
 12 36 1
 12 37 1
 12 38 1
 12 41 1
 12 42 1
 12 48 1
 12 50 1
 13 2 1
 13 7 1
 13 8 1
 13 11 1
 13 12 1
 13 14 1
 13 16 1
 13 17 1
 13 18 1
 13 19 1
 13 20 1
 13 22 1
 13 26 1
 13 28 1
 13 31 1
 13 34 1
 13 35 1
 13 36 1
 13 38 1
 13 39 1
 13 40 1
 13 41 1
 13 42 1
 13 43 1
 13 44 1
 13 45 1
 13 46 1
 13 47 1
 13 49 1
 14 1 1
 14 3 1
 14 5 1
 14 7 1
 14 12 1
 14 18 1
 14 19 1
 14 20 1
 14 21 1
 14 23 1
 14 24 1
 14 25 1
 14 26 1
 14 27 1
 14 28 1
 14 29 1
 14 32 1
 14 33 1
 14 34 1
 14 35 1
 14 36 1
 14 38 1
 14 39 1
 14 44 1
 14 45 1
 14 47 1
 14 48 1
 14 49 1
 14 50 1
 15 3 1
 15 6 1
 15 7 1
 15 9 1
 15 10 1
 15 11 1
 15 12 1
 15 14 1
 15 18 1
 15 20 1
 15 21 1
 15 22 1
 15 24 1
 15 26 1
 15 28 1
 15 29 1
 15 31 1
 15 32 1
 15 33 1
 15 34 1
 15 35 1
 15 36 1
 15 38 1
 15 40 1
 15 41 1
 15 44 1
 15 45 1
 15 46 1
 15 48 1
 15 49 1
 15 50 1
 16 1 1
 16 2 1
 16 5 1
 16 7 1
 16 9 1
 16 10 1
 16 12 1
 16 15 1
 16 17 1
 16 18 1
 16 20 1
 16 22 1
 16 25 1
 16 26 1
 16 27 1
 16 29 1
 16 32 1
 16 34 1
 16 36 1
 16 37 1
 16 39 1
 16 40 1
 16 41 1
 16 42 1
 16 43 1
 16 44 1
 16 47 1
 16 49 1
 16 50 1
 17 1 1
 17 2 1
 17 6 1
 17 7 1
 17 9 1
 17 12 1
 17 13 1
 17 14 1
 17 15 1
 17 16 1
 17 18 1
 17 19 1
 17 20 1
 17 23 1
 17 29 1
 17 30 1
 17 31 1
 17 32 1
 17 35 1
 17 36 1
 17 38 1
 17 40 1
 17 41 1
 17 42 1
 17 43 1
 17 45 1
 17 47 1
 18 4 1
 18 6 1
 18 7 1
 18 8 1
 18 9 1
 18 10 1
 18 11 1
 18 13 1
 18 14 1
 18 17 1
 18 20 1
 18 21 1
 18 22 1
 18 24 1
 18 27 1
 18 29 1
 18 30 1
 18 31 1
 18 32 1
 18 33 1
 18 35 1
 18 37 1
 18 40 1
 18 42 1
 18 43 1
 18 44 1
 18 46 1
 18 47 1
 18 48 1
 18 49 1
 18 50 1
 19 1 1
 19 3 1
 19 4 1
 19 5 1
 19 6 1
 19 7 1
 19 9 1
 19 10 1
 19 11 1
 19 12 1
 19 13 1
 19 15 1
 19 16 1
 19 17 1
 19 18 1
 19 21 1
 19 23 1
 19 24 1
 19 27 1
 19 28 1
 19 32 1
 19 33 1
 19 34 1
 19 35 1
 19 36 1
 19 39 1
 19 40 1
 19 41 1
 19 43 1
 19 44 1
 19 46 1
 19 47 1
 20 1 1
 20 2 1
 20 5 1
 20 6 1
 20 10 1
 20 11 1
 20 12 1
 20 13 1
 20 14 1
 20 15 1
 20 16 1
 20 19 1
 20 22 1
 20 23 1
 20 24 1
 20 25 1
 20 26 1
 20 27 1
 20 29 1
 20 30 1
 20 32 1
 20 36 1
 20 38 1
 20 39 1
 20 40 1
 20 42 1
 20 43 1
 20 46 1
 20 47 1
 20 48 1
 20 49 1
 20 50 1
 21 1 1
 21 3 1
 21 4 1
 21 5 1
 21 7 1
 21 8 1
 21 10 1
 21 12 1
 21 13 1
 21 14 1
 21 15 1
 21 17 1
 21 18 1
 21 22 1
 21 26 1
 21 27 1
 21 28 1
 21 31 1
 21 33 1
 21 34 1
 21 35 1
 21 37 1
 21 38 1
 21 39 1
 21 41 1
 21 43 1
 21 45 1
 21 48 1
 21 50 1
 22 2 1
 22 3 1
 22 4 1
 22 5 1
 22 7 1
 22 9 1
 22 10 1
 22 12 1
 22 13 1
 22 14 1
 22 19 1
 22 20 1
 22 21 1
 22 23 1
 22 24 1
 22 26 1
 22 28 1
 22 30 1
 22 32 1
 22 33 1
 22 37 1
 22 40 1
 22 41 1
 22 47 1
 22 50 1
 23 1 1
 23 2 1
 23 3 1
 23 5 1
 23 6 1
 23 9 1
 23 13 1
 23 15 1
 23 16 1
 23 17 1
 23 19 1
 23 20 1
 23 22 1
 23 24 1
 23 26 1
 23 27 1
 23 28 1
 23 29 1
 23 30 1
 23 32 1
 23 34 1
 23 35 1
 23 38 1
 23 41 1
 23 42 1
 23 44 1
 23 46 1
 23 49 1
 24 1 1
 24 2 1
 24 5 1
 24 6 1
 24 7 1
 24 8 1
 24 11 1
 24 12 1
 24 14 1
 24 15 1
 24 16 1
 24 17 1
 24 18 1
 24 22 1
 24 27 1
 24 29 1
 24 34 1
 24 35 1
 24 36 1
 24 37 1
 24 38 1
 24 39 1
 24 40 1
 24 41 1
 24 43 1
 24 48 1
 24 49 1
 25 2 1
 25 4 1
 25 6 1
 25 7 1
 25 8 1
 25 9 1
 25 10 1
 25 11 1
 25 12 1
 25 16 1
 25 17 1
 25 21 1
 25 22 1
 25 24 1
 25 27 1
 25 29 1
 25 33 1
 25 35 1
 25 38 1
 25 40 1
 25 41 1
 25 43 1
 25 45 1
 25 47 1
 25 50 1
 26 1 1
 26 2 1
 26 3 1
 26 4 1
 26 7 1
 26 8 1
 26 13 1
 26 14 1
 26 15 1
 26 16 1
 26 17 1
 26 18 1
 26 19 1
 26 20 1
 26 21 1
 26 24 1
 26 25 1
 26 28 1
 26 30 1
 26 32 1
 26 33 1
 26 34 1
 26 35 1
 26 36 1
 26 37 1
 26 38 1
 26 39 1
 26 40 1
 26 42 1
 26 49 1
 26 50 1
 27 1 1
 27 2 1
 27 4 1
 27 5 1
 27 6 1
 27 7 1
 27 8 1
 27 10 1
 27 11 1
 27 12 1
 27 14 1
 27 15 1
 27 16 1
 27 23 1
 27 24 1
 27 25 1
 27 26 1
 27 28 1
 27 29 1
 27 31 1
 27 32 1
 27 33 1
 27 35 1
 27 36 1
 27 37 1
 27 38 1
 27 39 1
 27 40 1
 27 41 1
 27 42 1
 27 45 1
 27 48 1
 27 50 1
 28 2 1
 28 3 1
 28 10 1
 28 11 1
 28 17 1
 28 19 1
 28 20 1
 28 21 1
 28 22 1
 28 23 1
 28 24 1
 28 25 1
 28 26 1
 28 31 1
 28 35 1
 28 36 1
 28 37 1
 28 39 1
 28 40 1
 28 41 1
 28 44 1
 28 45 1
 28 46 1
 28 49 1
 29 2 1
 29 4 1
 29 5 1
 29 7 1
 29 9 1
 29 12 1
 29 13 1
 29 14 1
 29 15 1
 29 16 1
 29 18 1
 29 21 1
 29 24 1
 29 25 1
 29 26 1
 29 27 1
 29 30 1
 29 31 1
 29 35 1
 29 36 1
 29 38 1
 29 40 1
 29 43 1
 29 47 1
 29 49 1
 30 1 1
 30 2 1
 30 3 1
 30 4 1
 30 5 1
 30 6 1
 30 8 1
 30 13 1
 30 14 1
 30 15 1
 30 16 1
 30 17 1
 30 21 1
 30 22 1
 30 26 1
 30 27 1
 30 29 1
 30 31 1
 30 34 1
 30 36 1
 30 39 1
 30 40 1
 30 41 1
 30 46 1
 30 48 1
 30 49 1
 30 50 1
 31 1 1
 31 3 1
 31 4 1
 31 5 1
 31 6 1
 31 7 1
 31 8 1
 31 16 1
 31 17 1
 31 20 1
 31 22 1
 31 26 1
 31 28 1
 31 30 1
 31 36 1
 31 39 1
 31 41 1
 31 43 1
 31 45 1
 31 48 1
 31 50 1
 32 1 1
 32 4 1
 32 5 1
 32 7 1
 32 8 1
 32 11 1
 32 13 1
 32 14 1
 32 15 1
 32 17 1
 32 18 1
 32 21 1
 32 22 1
 32 24 1
 32 25 1
 32 27 1
 32 29 1
 32 30 1
 32 31 1
 32 38 1
 32 39 1
 32 40 1
 32 43 1
 32 44 1
 32 46 1
 32 47 1
 32 48 1
 32 49 1
 32 50 1
 33 1 1
 33 2 1
 33 3 1
 33 4 1
 33 5 1
 33 6 1
 33 8 1
 33 11 1
 33 15 1
 33 17 1
