# Created by Octave 4.2.2, Mon Dec 13 20:30:28 2021 CST <lqg@qiguanglin-LC1>
# name: Map
# type: matrix
# rows: 536
# columns: 3
 1 2 1
 1 3 1
 1 6 1
 1 7 1
 1 8 1
 1 9 1
 1 10 1
 1 11 1
 1 12 1
 1 13 1
 1 16 1
 1 18 1
 1 21 1
 1 22 1
 1 24 1
 1 25 1
 1 26 1
 1 27 1
 1 28 1
 2 1 1
 2 3 1
 2 5 1
 2 7 1
 2 8 1
 2 11 1
 2 12 1
 2 14 1
 2 15 1
 2 16 1
 2 17 1
 2 18 1
 2 19 1
 2 20 1
 2 21 1
 2 22 1
 2 25 1
 2 27 1
 2 29 1
 2 30 1
 3 4 1
 3 5 1
 3 6 1
 3 7 1
 3 9 1
 3 10 1
 3 11 1
 3 12 1
 3 15 1
 3 19 1
 3 22 1
 3 23 1
 3 25 1
 3 29 1
 3 30 1
 4 2 1
 4 5 1
 4 8 1
 4 9 1
 4 10 1
 4 11 1
 4 12 1
 4 13 1
 4 14 1
 4 16 1
 4 18 1
 4 19 1
 4 20 1
 4 21 1
 4 24 1
 4 25 1
 4 27 1
 4 29 1
 4 30 1
 5 1 1
 5 2 1
 5 3 1
 5 6 1
 5 8 1
 5 10 1
 5 11 1
 5 13 1
 5 14 1
 5 15 1
 5 16 1
 5 17 1
 5 18 1
 5 19 1
 5 20 1
 5 21 1
 5 22 1
 5 23 1
 5 24 1
 5 25 1
 5 27 1
 5 29 1
 5 30 1
 6 2 1
 6 5 1
 6 8 1
 6 11 1
 6 14 1
 6 15 1
 6 17 1
 6 18 1
 6 23 1
 6 24 1
 6 25 1
 6 26 1
 6 28 1
 6 29 1
 7 1 1
 7 4 1
 7 5 1
 7 6 1
 7 9 1
 7 10 1
 7 13 1
 7 14 1
 7 15 1
 7 17 1
 7 18 1
 7 20 1
 7 21 1
 7 22 1
 7 24 1
 7 25 1
 7 26 1
 7 27 1
 7 29 1
 7 30 1
 8 1 1
 8 7 1
 8 10 1
 8 11 1
 8 12 1
 8 13 1
 8 14 1
 8 16 1
 8 17 1
 8 19 1
 8 20 1
 8 21 1
 8 22 1
 8 25 1
 8 27 1
 8 29 1
 8 30 1
 9 1 1
 9 2 1
 9 4 1
 9 7 1
 9 8 1
 9 11 1
 9 12 1
 9 16 1
 9 17 1
 9 19 1
 9 20 1
 9 21 1
 9 23 1
 9 24 1
 9 25 1
 9 28 1
 9 29 1
 10 1 1
 10 2 1
 10 3 1
 10 7 1
 10 8 1
 10 11 1
 10 12 1
 10 13 1
 10 14 1
 10 15 1
 10 16 1
 10 17 1
 10 18 1
 10 19 1
 10 20 1
 10 21 1
 10 22 1
 10 23 1
 10 24 1
 10 27 1
 10 29 1
 10 30 1
 11 1 1
 11 2 1
 11 3 1
 11 6 1
 11 7 1
 11 8 1
 11 13 1
 11 14 1
 11 16 1
 11 17 1
 11 18 1
 11 19 1
 11 20 1
 11 21 1
 11 23 1
 11 26 1
 11 28 1
 11 29 1
 12 1 1
 12 3 1
 12 5 1
 12 7 1
 12 10 1
 12 14 1
 12 15 1
 12 16 1
 12 17 1
 12 20 1
 12 22 1
 12 23 1
 12 24 1
 12 29 1
 12 30 1
 13 3 1
 13 4 1
 13 5 1
 13 7 1
 13 8 1
 13 16 1
 13 18 1
 13 21 1
 13 22 1
 13 24 1
 13 25 1
 13 27 1
 13 29 1
 14 2 1
 14 6 1
 14 7 1
 14 8 1
 14 9 1
 14 10 1
 14 11 1
 14 12 1
 14 13 1
 14 15 1
 14 17 1
 14 19 1
 14 21 1
 14 22 1
 14 23 1
 14 28 1
 14 30 1
 15 2 1
 15 3 1
 15 5 1
 15 9 1
 15 10 1
 15 12 1
 15 13 1
 15 14 1
 15 16 1
 15 17 1
 15 18 1
 15 19 1
 15 20 1
 15 21 1
 15 23 1
 15 24 1
 15 26 1
 15 28 1
 15 29 1
 15 30 1
 16 3 1
 16 4 1
 16 5 1
 16 9 1
 16 10 1
 16 11 1
 16 17 1
 16 18 1
 16 19 1
 16 21 1
 16 22 1
 16 24 1
 16 26 1
 16 28 1
 17 2 1
 17 4 1
 17 5 1
 17 7 1
 17 8 1
 17 13 1
 17 14 1
 17 15 1
 17 16 1
 17 18 1
 17 19 1
 17 25 1
 17 28 1
 18 1 1
 18 3 1
 18 7 1
 18 8 1
 18 9 1
 18 11 1
 18 14 1
 18 15 1
 18 17 1
 18 19 1
 18 20 1
 18 23 1
 18 24 1
 18 25 1
 18 28 1
 18 29 1
 19 1 1
 19 3 1
 19 4 1
 19 6 1
 19 7 1
 19 10 1
 19 11 1
 19 15 1
 19 16 1
 19 18 1
 19 20 1
 19 21 1
 19 23 1
 19 27 1
 19 29 1
 20 1 1
 20 2 1
 20 5 1
 20 6 1
 20 7 1
 20 8 1
 20 9 1
 20 10 1
 20 11 1
 20 12 1
 20 13 1
 20 14 1
 20 15 1
 20 16 1
 20 17 1
 20 19 1
 20 21 1
 20 23 1
 20 24 1
 20 26 1
 20 28 1
 20 29 1
 20 30 1
 21 2 1
 21 4 1
 21 5 1
 21 6 1
 21 7 1
 21 8 1
 21 9 1
 21 10 1
 21 12 1
 21 14 1
 21 15 1
 21 16 1
 21 17 1
 21 18 1
 21 19 1
 21 20 1
 21 22 1
 21 23 1
 21 26 1
 21 30 1
 22 1 1
 22 2 1
 22 3 1
 22 6 1
 22 8 1
 22 9 1
 22 16 1
 22 17 1
 22 19 1
 22 20 1
 22 21 1
 22 23 1
 22 24 1
 22 25 1
 22 27 1
 22 28 1
 22 29 1
 22 30 1
 23 3 1
 23 4 1
 23 7 1
 23 9 1
 23 10 1
 23 12 1
 23 13 1
 23 15 1
 23 16 1
 23 17 1
 23 18 1
 23 19 1
 23 20 1
 23 28 1
 23 29 1
 24 1 1
 24 2 1
 24 3 1
 24 4 1
 24 5 1
 24 9 1
 24 11 1
 24 12 1
 24 13 1
 24 14 1
 24 16 1
 24 17 1
 24 18 1
 24 22 1
 24 25 1
 24 26 1
 24 27 1
 24 28 1
 24 29 1
 24 30 1
 25 1 1
 25 2 1
 25 4 1
 25 6 1
 25 7 1
 25 8 1
 25 9 1
 25 10 1
 25 11 1
 25 13 1
 25 14 1
 25 15 1
 25 16 1
 25 19 1
 25 21 1
 25 23 1
 25 26 1
 25 27 1
 25 28 1
 25 29 1
 26 1 1
 26 2 1
 26 3 1
 26 4 1
 26 5 1
 26 7 1
 26 8 1
 26 10 1
 26 12 1
 26 13 1
 26 14 1
 26 16 1
 26 17 1
 26 22 1
 26 24 1
 26 28 1
 26 29 1
 26 30 1
 27 1 1
 27 3 1
 27 4 1
 27 6 1
 27 7 1
 27 10 1
 27 11 1
 27 13 1
 27 14 1
 27 16 1
 27 19 1
 27 21 1
 27 22 1
 27 24 1
 27 26 1
 27 30 1
 28 1 1
 28 3 1
 28 4 1
 28 5 1
 28 6 1
 28 7 1
 28 8 1
 28 10 1
 28 11 1
 28 12 1
 28 17 1
 28 18 1
 28 19 1
 28 21 1
 28 23 1
 28 24 1
 28 25 1
 28 30 1
 29 1 1
 29 2 1
 29 4 1
 29 5 1
 29 6 1
 29 8 1
 29 9 1
 29 10 1
 29 12 1
 29 14 1
 29 15 1
 29 16 1
 29 18 1
 29 19 1
 29 20 1
 29 21 1
 29 23 1
 29 24 1
 29 25 1
 29 26 1
 29 27 1
 29 28 1
 30 2 1
 30 4 1
 30 5 1
 30 6 1
 30 7 1
 30 9 1
 30 10 1
 30 12 1
 30 13 1
 30 15 1
 30 16 1
 30 17 1
 30 18 1
 30 20 1
 30 21 1
 30 25 1
 30 27 1
 30 28 1
 30 29 1


