# Created by Octave 4.2.2, Mon Dec 13 20:30:46 2021 CST <lqg@qiguanglin-LC1>
# name: Map
# type: matrix
# rows: 1476
# columns: 3
 1 2 1
 1 5 1
 1 8 1
 1 9 1
 1 12 1
 1 13 1
 1 14 1
 1 15 1
 1 17 1
 1 18 1
 1 19 1
 1 21 1
 1 23 1
 1 24 1
 1 27 1
 1 29 1
 1 30 1
 1 31 1
 1 32 1
 1 33 1
 1 35 1
 1 36 1
 1 37 1
 1 40 1
 1 44 1
 1 47 1
 2 3 1
 2 4 1
 2 7 1
 2 8 1
 2 10 1
 2 12 1
 2 13 1
 2 14 1
 2 15 1
 2 18 1
 2 19 1
 2 20 1
 2 21 1
 2 22 1
 2 23 1
 2 24 1
 2 25 1
 2 27 1
 2 28 1
 2 29 1
 2 32 1
 2 34 1
 2 35 1
 2 37 1
 2 40 1
 2 41 1
 2 43 1
 2 44 1
 2 45 1
 2 46 1
 2 47 1
 2 49 1
 2 50 1
 3 1 1
 3 2 1
 3 5 1
 3 6 1
 3 7 1
 3 8 1
 3 11 1
 3 13 1
 3 14 1
 3 15 1
 3 18 1
 3 20 1
 3 21 1
 3 22 1
 3 23 1
 3 24 1
 3 25 1
 3 26 1
 3 29 1
 3 30 1
 3 31 1
 3 33 1
 3 35 1
 3 36 1
 3 37 1
 3 38 1
 3 39 1
 3 41 1
 3 43 1
 3 46 1
 3 47 1
 3 49 1
 4 2 1
 4 3 1
 4 5 1
 4 10 1
 4 11 1
 4 12 1
 4 13 1
 4 14 1
 4 15 1
 4 16 1
 4 17 1
 4 18 1
 4 19 1
 4 20 1
 4 22 1
 4 24 1
 4 27 1
 4 28 1
 4 30 1
 4 31 1
 4 32 1
 4 34 1
 4 35 1
 4 36 1
 4 37 1
 4 38 1
 4 41 1
 4 42 1
 4 44 1
 4 45 1
 4 46 1
 4 48 1
 5 2 1
 5 3 1
 5 7 1
 5 9 1
 5 11 1
 5 13 1
 5 15 1
 5 16 1
 5 17 1
 5 18 1
 5 19 1
 5 20 1
 5 21 1
 5 23 1
 5 24 1
 5 25 1
 5 26 1
 5 27 1
 5 28 1
 5 29 1
 5 30 1
 5 32 1
 5 33 1
 5 34 1
 5 37 1
 5 38 1
 5 46 1
 5 47 1
 5 48 1
 5 49 1
 5 50 1
 6 3 1
 6 5 1
 6 7 1
 6 8 1
 6 11 1
 6 12 1
 6 13 1
 6 14 1
 6 15 1
 6 16 1
 6 17 1
 6 18 1
 6 19 1
 6 21 1
 6 22 1
 6 24 1
 6 26 1
 6 27 1
 6 28 1
 6 31 1
 6 34 1
 6 35 1
 6 38 1
 6 39 1
 6 40 1
 6 41 1
 6 43 1
 6 45 1
 6 46 1
 6 47 1
 6 48 1
 6 49 1
 7 3 1
 7 4 1
 7 5 1
 7 6 1
 7 8 1
 7 9 1
 7 11 1
 7 12 1
 7 14 1
 7 16 1
 7 18 1
 7 19 1
 7 21 1
 7 22 1
 7 23 1
 7 24 1
 7 25 1
 7 26 1
 7 27 1
 7 28 1
 7 29 1
 7 30 1
 7 31 1
 7 34 1
 7 36 1
 7 37 1
 7 38 1
 7 41 1
 7 42 1
 7 44 1
 7 46 1
 7 47 1
 7 50 1
 8 4 1
 8 5 1
 8 7 1
 8 13 1
 8 14 1
 8 15 1
 8 16 1
 8 19 1
 8 20 1
 8 22 1
 8 24 1
 8 25 1
 8 26 1
 8 27 1
 8 28 1
 8 30 1
 8 32 1
 8 33 1
 8 35 1
 8 36 1
 8 37 1
 8 38 1
 8 40 1
 8 41 1
 8 46 1
 8 47 1
 9 2 1
 9 4 1
 9 5 1
 9 8 1
 9 10 1
 9 12 1
 9 13 1
 9 15 1
 9 16 1
 9 17 1
 9 20 1
 9 21 1
 9 23 1
 9 24 1
 9 25 1
 9 27 1
 9 29 1
 9 30 1
 9 34 1
 9 36 1
 9 39 1
 9 41 1
 9 43 1
 9 44 1
 9 46 1
 9 47 1
 10 1 1
 10 3 1
 10 4 1
 10 7 1
 10 11 1
 10 12 1
 10 16 1
 10 17 1
 10 18 1
 10 21 1
 10 24 1
 10 26 1
 10 27 1
 10 28 1
 10 30 1
 10 31 1
 10 32 1
 10 34 1
 10 38 1
 10 39 1
 10 40 1
 10 43 1
 10 44 1
 10 45 1
 10 49 1
 11 1 1
 11 5 1
 11 6 1
 11 8 1
 11 9 1
 11 10 1
 11 12 1
 11 13 1
 11 14 1
 11 15 1
 11 16 1
 11 18 1
 11 19 1
 11 20 1
 11 22 1
 11 24 1
 11 25 1
 11 26 1
 11 27 1
 11 29 1
 11 31 1
 11 32 1
 11 33 1
 11 34 1
 11 37 1
 11 41 1
 11 42 1
 11 44 1
 11 46 1
 11 47 1
 11 49 1
 12 2 1
 12 3 1
 12 4 1
 12 5 1
 12 8 1
 12 9 1
 12 10 1
 12 11 1
 12 13 1
 12 14 1
 12 19 1
 12 21 1
 12 24 1
 12 26 1
 12 27 1
 12 28 1
 12 29 1
 12 30 1
 12 32 1
 12 33 1
 12 34 1
 12 36 1
 12 39 1
 12 40 1
 12 41 1
 12 43 1
 12 44 1
 12 46 1
 12 47 1
 12 49 1
 12 50 1
 13 4 1
 13 5 1
 13 6 1
 13 10 1
 13 12 1
 13 14 1
 13 15 1
 13 19 1
 13 21 1
 13 22 1
 13 23 1
 13 24 1
 13 25 1
 13 26 1
 13 29 1
 13 30 1
 13 33 1
 13 34 1
 13 35 1
 13 36 1
 13 38 1
 13 39 1
 13 40 1
 13 42 1
 13 45 1
 13 46 1
 13 48 1
 13 50 1
 14 1 1
 14 3 1
 14 4 1
 14 6 1
 14 7 1
 14 8 1
 14 9 1
 14 10 1
 14 11 1
 14 18 1
 14 20 1
 14 21 1
 14 24 1
 14 25 1
 14 26 1
 14 27 1
 14 29 1
 14 31 1
 14 33 1
 14 37 1
 14 40 1
 14 41 1
 14 43 1
 14 45 1
 14 47 1
 14 48 1
 14 49 1
 15 1 1
 15 2 1
 15 3 1
 15 5 1
 15 6 1
 15 8 1
 15 11 1
 15 13 1
 15 20 1
 15 21 1
 15 22 1
 15 24 1
 15 25 1
 15 26 1
 15 27 1
 15 28 1
 15 29 1
 15 32 1
 15 33 1
 15 35 1
 15 36 1
 15 38 1
 15 40 1
 15 42 1
 15 44 1
 15 45 1
 15 46 1
 15 47 1
 15 49 1
 15 50 1
 16 4 1
 16 5 1
 16 6 1
 16 11 1
 16 12 1
 16 13 1
 16 17 1
 16 18 1
 16 19 1
 16 20 1
 16 21 1
 16 22 1
 16 23 1
 16 24 1
 16 26 1
 16 28 1
 16 35 1
 16 36 1
 16 38 1
 16 39 1
 16 40 1
 16 42 1
 16 43 1
 16 45 1
 16 48 1
 16 49 1
 16 50 1
 17 1 1
 17 2 1
 17 4 1
 17 6 1
 17 10 1
 17 14 1
 17 18 1
 17 19 1
 17 20 1
 17 21 1
 17 23 1
 17 25 1
 17 26 1
 17 27 1
 17 28 1
 17 29 1
 17 30 1
 17 33 1
 17 36 1
 17 37 1
 17 38 1
 17 39 1
 17 40 1
 17 41 1
 17 42 1
 17 43 1
 17 44 1
 17 46 1
 17 47 1
 17 48 1
 18 1 1
 18 2 1
 18 5 1
 18 7 1
 18 10 1
 18 11 1
 18 12 1
 18 13 1
 18 14 1
 18 15 1
 18 20 1
 18 21 1
 18 23 1
 18 24 1
 18 25 1
 18 26 1
 18 28 1
 18 29 1
 18 31 1
 18 33 1
 18 34 1
 18 37 1
 18 39 1
 18 42 1
 18 45 1
 18 46 1
 18 47 1
 18 49 1
 18 50 1
 19 1 1
 19 2 1
 19 3 1
 19 6 1
 19 8 1
 19 11 1
 19 12 1
 19 13 1
 19 14 1
 19 15 1
 19 17 1
 19 23 1
 19 24 1
 19 25 1
 19 27 1
 19 29 1
 19 30 1
 19 31 1
 19 33 1
 19 34 1
 19 35 1
 19 37 1
 19 38 1
 19 39 1
 19 40 1
 19 41 1
 19 42 1
 19 43 1
 19 44 1
 19 45 1
 19 46 1
 19 47 1
 19 48 1
 19 49 1
 20 1 1
 20 2 1
 20 7 1
 20 8 1
 20 10 1
 20 15 1
 20 16 1
 20 17 1
 20 18 1
 20 22 1
 20 24 1
 20 29 1
 20 30 1
 20 33 1
 20 35 1
 20 36 1
 20 37 1
 20 38 1
 20 39 1
 20 40 1
 20 41 1
 20 42 1
 20 43 1
 20 45 1
 20 46 1
 20 47 1
 20 48 1
 21 2 1
 21 5 1
 21 6 1
 21 7 1
 21 8 1
 21 10 1
 21 11 1
 21 13 1
 21 14 1
 21 17 1
 21 20 1
 21 22 1
 21 24 1
 21 25 1
 21 26 1
 21 27 1
 21 29 1
 21 30 1
 21 31 1
 21 32 1
 21 33 1
 21 34 1
 21 35 1
 21 38 1
 21 39 1
 21 41 1
 21 42 1
 21 43 1
 21 44 1
 21 45 1
 21 49 1
 21 50 1
 22 3 1
 22 4 1
 22 5 1
 22 6 1
 22 8 1
 22 9 1
 22 13 1
 22 15 1
 22 16 1
 22 17 1
 22 18 1
 22 19 1
 22 21 1
 22 23 1
 22 25 1
 22 26 1
 22 27 1
 22 33 1
 22 35 1
 22 36 1
 22 37 1
 22 39 1
 22 41 1
 22 42 1
 22 43 1
 22 44 1
 22 45 1
 22 46 1
 22 47 1
 22 48 1
 22 49 1
 22 50 1
 23 2 1
 23 5 1
 23 8 1
 23 9 1
 23 11 1
 23 12 1
 23 13 1
 23 15 1
 23 16 1
 23 17 1
 23 18 1
 23 19 1
 23 20 1
 23 21 1
 23 24 1
 23 27 1
 23 28 1
 23 30 1
 23 31 1
 23 34 1
 23 35 1
 23 36 1
 23 38 1
 23 39 1
 23 44 1
 23 45 1
 23 46 1
 24 1 1
 24 2 1
 24 4 1
 24 6 1
 24 7 1
 24 9 1
 24 10 1
 24 11 1
 24 12 1
 24 14 1
 24 17 1
 24 19 1
 24 20 1
 24 21 1
 24 23 1
 24 25 1
 24 26 1
 24 27 1
 24 29 1
 24 30 1
 24 33 1
 24 35 1
 24 40 1
 24 42 1
 24 43 1
 24 44 1
 24 46 1
 24 47 1
 24 48 1
 25 1 1
 25 2 1
 25 3 1
 25 4 1
 25 5 1
 25 8 1
 25 10 1
 25 12 1
 25 13 1
 25 14 1
 25 15 1
 25 16 1
 25 17 1
 25 20 1
 25 21 1
 25 23 1
 25 27 1
 25 28 1
 25 29 1
 25 30 1
 25 31 1
 25 34 1
 25 35 1
 25 36 1
 25 40 1
 25 41 1
 25 42 1
 25 43 1
 25 45 1
 25 48 1
 26 2 1
 26 3 1
 26 4 1
 26 5 1
 26 6 1
 26 7 1
 26 9 1
 26 11 1
 26 12 1
 26 13 1
 26 18 1
 26 19 1
 26 23 1
 26 24 1
 26 25 1
 26 27 1
 26 29 1
 26 33 1
 26 36 1
 26 40 1
 26 41 1
 26 42 1
 26 43 1
 26 45 1
 26 47 1
 26 49 1
 26 50 1
 27 2 1
 27 5 1
 27 8 1
 27 9 1
 27 10 1
 27 11 1
 27 13 1
 27 14 1
 27 15 1
 27 16 1
 27 19 1
 27 20 1
 27 22 1
 27 24 1
 27 28 1
 27 29 1
 27 30 1
 27 31 1
 27 32 1
 27 33 1
 27 34 1
 27 38 1
 27 40 1
 27 41 1
 27 42 1
 27 43 1
 27 44 1
 27 48 1
 27 49 1
 27 50 1
 28 1 1
 28 4 1
 28 5 1
 28 6 1
 28 8 1
 28 9 1
 28 10 1
 28 11 1
 28 12 1
 28 13 1
 28 14 1
 28 18 1
 28 20 1
 28 23 1
 28 24 1
 28 25 1
 28 29 1
 28 30 1
 28 31 1
 28 33 1
 28 34 1
 28 35 1
 28 36 1
 28 37 1
 28 38 1
 28 39 1
 28 40 1
 28 41 1
 28 42 1
 28 43 1
 28 44 1
 28 45 1
 28 47 1
 28 48 1
 28 49 1
 28 50 1
 29 1 1
 29 2 1
 29 3 1
 29 4 1
 29 6 1
 29 7 1
 29 9 1
 29 10 1
 29 11 1
 29 12 1
 29 14 1
 29 16 1
 29 17 1
 29 19 1
 29 21 1
 29 22 1
 29 24 1
 29 26 1
 29 28 1
 29 30 1
 29 32 1
 29 33 1
 29 34 1
 29 35 1
 29 36 1
 29 38 1
 29 40 1
 29 41 1
 29 42 1
 29 43 1
 29 44 1
 29 46 1
 29 47 1
 29 48 1
 29 49 1
 30 1 1
 30 3 1
 30 6 1
 30 9 1
 30 11 1
 30 12 1
 30 13 1
 30 16 1
 30 17 1
 30 18 1
 30 21 1
 30 23 1
 30 24 1
 30 25 1
 30 27 1
 30 28 1
 30 33 1
 30 34 1
 30 35 1
 30 36 1
 30 37 1
 30 38 1
 30 39 1
 30 40 1
 30 43 1
 30 44 1
 30 45 1
 30 47 1
 30 50 1
 31 1 1
 31 3 1
 31 4 1
 31 5 1
 31 7 1
 31 8 1
 31 11 1
 31 12 1
 31 14 1
 31 16 1
 31 17 1
 31 20 1
 31 23 1
 31 24 1
 31 25 1
 31 26 1
 31 27 1
 31 30 1
 31 32 1
 31 33 1
 31 38 1
 31 39 1
 31 41 1
 31 42 1
