# Created by Octave 4.2.2, Mon Dec 13 20:30:45 2021 CST <lqg@qiguanglin-LC1>
# name: Map
# type: matrix
# rows: 1459
# columns: 3
 1 3 1
 1 5 1
 1 6 1
 1 7 1
 1 8 1
 1 9 1
 1 10 1
 1 12 1
 1 13 1
 1 16 1
 1 17 1
 1 19 1
 1 20 1
 1 21 1
 1 22 1
 1 27 1
 1 30 1
 1 31 1
 1 32 1
 1 33 1
 1 34 1
 1 36 1
 1 37 1
 1 39 1
 1 40 1
 1 42 1
 1 43 1
 1 45 1
 1 48 1
 1 50 1
 2 3 1
 2 4 1
 2 5 1
 2 6 1
 2 8 1
 2 11 1
 2 15 1
 2 17 1
 2 20 1
 2 22 1
 2 25 1
 2 26 1
 2 27 1
 2 28 1
 2 29 1
 2 30 1
 2 31 1
 2 32 1
 2 34 1
 2 35 1
 2 38 1
 2 39 1
 2 40 1
 2 41 1
 2 42 1
 2 43 1
 2 46 1
 2 47 1
 2 48 1
 3 4 1
 3 5 1
 3 6 1
 3 8 1
 3 10 1
 3 11 1
 3 13 1
 3 14 1
 3 15 1
 3 16 1
 3 19 1
 3 21 1
 3 22 1
 3 23 1
 3 24 1
 3 26 1
 3 28 1
 3 30 1
 3 31 1
 3 34 1
 3 37 1
 3 39 1
 3 41 1
 3 42 1
 3 44 1
 3 45 1
 3 48 1
 3 49 1
 4 2 1
 4 3 1
 4 6 1
 4 7 1
 4 11 1
 4 16 1
 4 18 1
 4 19 1
 4 22 1
 4 24 1
 4 25 1
 4 27 1
 4 30 1
 4 33 1
 4 34 1
 4 37 1
 4 38 1
 4 39 1
 4 41 1
 4 42 1
 4 45 1
 4 46 1
 4 47 1
 4 49 1
 4 50 1
 5 3 1
 5 7 1
 5 8 1
 5 11 1
 5 12 1
 5 13 1
 5 14 1
 5 15 1
 5 16 1
 5 17 1
 5 21 1
 5 22 1
 5 25 1
 5 27 1
 5 28 1
 5 30 1
 5 32 1
 5 34 1
 5 35 1
 5 36 1
 5 37 1
 5 47 1
 5 48 1
 5 50 1
 6 1 1
 6 4 1
 6 7 1
 6 9 1
 6 10 1
 6 14 1
 6 16 1
 6 17 1
 6 28 1
 6 29 1
 6 30 1
 6 31 1
 6 32 1
 6 33 1
 6 34 1
 6 35 1
 6 38 1
 6 41 1
 6 42 1
 6 46 1
 6 47 1
 6 49 1
 6 50 1
 7 1 1
 7 2 1
 7 5 1
 7 10 1
 7 13 1
 7 14 1
 7 17 1
 7 18 1
 7 20 1
 7 22 1
 7 25 1
 7 26 1
 7 28 1
 7 30 1
 7 31 1
 7 33 1
 7 34 1
 7 35 1
 7 37 1
 7 38 1
 7 39 1
 7 41 1
 7 43 1
 7 44 1
 7 46 1
 7 48 1
 7 49 1
 8 4 1
 8 5 1
 8 6 1
 8 7 1
 8 9 1
 8 10 1
 8 11 1
 8 12 1
 8 20 1
 8 21 1
 8 22 1
 8 23 1
 8 25 1
 8 27 1
 8 28 1
 8 29 1
 8 30 1
 8 32 1
 8 34 1
 8 35 1
 8 36 1
 8 37 1
 8 38 1
 8 39 1
 8 40 1
 8 41 1
 8 42 1
 8 44 1
 8 46 1
 8 47 1
 8 48 1
 8 49 1
 8 50 1
 9 1 1
 9 2 1
 9 5 1
 9 7 1
 9 11 1
 9 13 1
 9 14 1
 9 16 1
 9 17 1
 9 18 1
 9 19 1
 9 20 1
 9 22 1
 9 23 1
 9 28 1
 9 29 1
 9 31 1
 9 35 1
 9 36 1
 9 37 1
 9 38 1
 9 41 1
 9 42 1
 9 44 1
 9 45 1
 9 48 1
 9 50 1
 10 1 1
 10 2 1
 10 3 1
 10 5 1
 10 7 1
 10 8 1
 10 9 1
 10 11 1
 10 15 1
 10 16 1
 10 17 1
 10 18 1
 10 20 1
 10 24 1
 10 26 1
 10 27 1
 10 28 1
 10 29 1
 10 30 1
 10 31 1
 10 34 1
 10 35 1
 10 37 1
 10 39 1
 10 42 1
 10 43 1
 10 48 1
 10 49 1
 11 1 1
 11 2 1
 11 4 1
 11 5 1
 11 7 1
 11 8 1
 11 9 1
 11 13 1
 11 14 1
 11 15 1
 11 16 1
 11 17 1
 11 18 1
 11 19 1
 11 20 1
 11 24 1
 11 27 1
 11 28 1
 11 30 1
 11 31 1
 11 32 1
 11 33 1
 11 35 1
 11 36 1
 11 37 1
 11 40 1
 11 43 1
 11 44 1
 11 47 1
 11 48 1
 11 49 1
 11 50 1
 12 2 1
 12 3 1
 12 4 1
 12 7 1
 12 8 1
 12 10 1
 12 11 1
 12 13 1
 12 14 1
 12 19 1
 12 22 1
 12 23 1
 12 25 1
 12 26 1
 12 27 1
 12 29 1
 12 30 1
 12 31 1
 12 35 1
 12 38 1
 12 39 1
 12 40 1
 12 41 1
 12 42 1
 12 45 1
 12 46 1
 12 47 1
 12 48 1
 12 49 1
 13 2 1
 13 3 1
 13 4 1
 13 6 1
 13 7 1
 13 9 1
 13 12 1
 13 14 1
 13 16 1
 13 18 1
 13 20 1
 13 21 1
 13 22 1
 13 23 1
 13 25 1
 13 29 1
 13 30 1
 13 31 1
 13 32 1
 13 33 1
 13 34 1
 13 35 1
 13 36 1
 13 39 1
 13 40 1
 13 41 1
 13 44 1
 13 48 1
 13 49 1
 14 1 1
 14 2 1
 14 4 1
 14 5 1
 14 6 1
 14 7 1
 14 9 1
 14 10 1
 14 11 1
 14 15 1
 14 16 1
 14 17 1
 14 18 1
 14 20 1
 14 24 1
 14 25 1
 14 28 1
 14 32 1
 14 33 1
 14 34 1
 14 35 1
 14 36 1
 14 39 1
 14 40 1
 14 41 1
 14 43 1
 14 44 1
 14 45 1
 14 46 1
 14 49 1
 15 2 1
 15 3 1
 15 4 1
 15 6 1
 15 8 1
 15 9 1
 15 11 1
 15 12 1
 15 13 1
 15 16 1
 15 18 1
 15 19 1
 15 20 1
 15 22 1
 15 24 1
 15 26 1
 15 27 1
 15 29 1
 15 30 1
 15 32 1
 15 33 1
 15 34 1
 15 38 1
 15 39 1
 15 41 1
 15 43 1
 15 46 1
 15 47 1
 15 48 1
 15 49 1
 16 2 1
 16 4 1
 16 6 1
 16 10 1
 16 12 1
 16 15 1
 16 17 1
 16 18 1
 16 19 1
 16 20 1
 16 21 1
 16 22 1
 16 23 1
 16 24 1
 16 29 1
 16 30 1
 16 31 1
 16 33 1
 16 34 1
 16 35 1
 16 36 1
 16 38 1
 16 40 1
 16 42 1
 16 43 1
 16 44 1
 16 46 1
 16 48 1
 17 2 1
 17 3 1
 17 5 1
 17 6 1
 17 9 1
 17 10 1
 17 11 1
 17 12 1
 17 14 1
 17 18 1
 17 19 1
 17 21 1
 17 23 1
 17 24 1
 17 25 1
 17 28 1
 17 29 1
 17 30 1
 17 31 1
 17 32 1
 17 33 1
 17 35 1
 17 36 1
 17 37 1
 17 38 1
 17 40 1
 17 41 1
 17 42 1
 17 44 1
 17 45 1
 17 47 1
 17 48 1
 18 3 1
 18 5 1
 18 6 1
 18 8 1
 18 10 1
 18 11 1
 18 12 1
 18 14 1
 18 15 1
 18 19 1
 18 24 1
 18 25 1
 18 26 1
 18 28 1
 18 29 1
 18 30 1
 18 32 1
 18 33 1
 18 34 1
 18 35 1
 18 36 1
 18 39 1
 18 41 1
 18 43 1
 18 44 1
 18 46 1
 18 47 1
 18 48 1
 18 50 1
 19 2 1
 19 3 1
 19 4 1
 19 5 1
 19 8 1
 19 10 1
 19 11 1
 19 13 1
 19 14 1
 19 15 1
 19 16 1
 19 21 1
 19 22 1
 19 24 1
 19 25 1
 19 26 1
 19 29 1
 19 30 1
 19 31 1
 19 34 1
 19 35 1
 19 36 1
 19 39 1
 19 41 1
 19 43 1
 19 44 1
 19 45 1
 19 47 1
 19 49 1
 19 50 1
 20 2 1
 20 3 1
 20 4 1
 20 5 1
 20 7 1
 20 8 1
 20 9 1
 20 11 1
 20 12 1
 20 13 1
 20 16 1
 20 18 1
 20 21 1
 20 24 1
 20 25 1
 20 27 1
 20 28 1
 20 30 1
 20 31 1
 20 33 1
 20 35 1
 20 38 1
 20 40 1
 20 44 1
 20 45 1
 20 46 1
 20 49 1
 20 50 1
 21 1 1
 21 2 1
 21 3 1
 21 4 1
 21 7 1
 21 8 1
 21 9 1
 21 11 1
 21 12 1
 21 13 1
 21 14 1
 21 15 1
 21 16 1
 21 17 1
 21 18 1
 21 19 1
 21 20 1
 21 22 1
 21 23 1
 21 25 1
 21 26 1
 21 28 1
 21 31 1
 21 35 1
 21 36 1
 21 37 1
 21 38 1
 21 40 1
 21 42 1
 21 43 1
 21 44 1
 21 49 1
 21 50 1
 22 4 1
 22 5 1
 22 6 1
 22 9 1
 22 15 1
 22 16 1
 22 18 1
 22 19 1
 22 21 1
 22 23 1
 22 24 1
 22 25 1
 22 26 1
 22 29 1
 22 30 1
 22 32 1
 22 34 1
 22 35 1
 22 36 1
 22 39 1
 22 40 1
 22 41 1
 22 43 1
 22 45 1
 22 46 1
 22 48 1
 22 50 1
 23 1 1
 23 3 1
 23 7 1
 23 8 1
 23 9 1
 23 11 1
 23 13 1
 23 20 1
 23 21 1
 23 22 1
 23 25 1
 23 26 1
 23 27 1
 23 28 1
 23 29 1
 23 30 1
 23 33 1
 23 34 1
 23 35 1
 23 36 1
 23 38 1
 23 39 1
 23 41 1
 23 42 1
 23 44 1
 23 45 1
 23 48 1
 23 49 1
 24 1 1
 24 2 1
 24 5 1
 24 6 1
 24 7 1
 24 8 1
 24 10 1
 24 11 1
 24 13 1
 24 16 1
 24 17 1
 24 18 1
 24 20 1
 24 21 1
 24 22 1
 24 23 1
 24 25 1
 24 26 1
 24 27 1
 24 29 1
 24 32 1
 24 37 1
 24 38 1
 24 40 1
 24 43 1
 24 44 1
 24 45 1
 24 47 1
 24 49 1
 24 50 1
 25 1 1
 25 2 1
 25 3 1
 25 4 1
 25 6 1
 25 7 1
 25 8 1
 25 10 1
 25 12 1
 25 13 1
 25 14 1
 25 15 1
 25 17 1
 25 19 1
 25 20 1
 25 22 1
 25 24 1
 25 26 1
 25 27 1
 25 29 1
 25 30 1
 25 31 1
 25 32 1
 25 34 1
 25 35 1
 25 37 1
 25 38 1
 25 40 1
 25 42 1
 25 43 1
 25 44 1
 25 45 1
 25 46 1
 25 47 1
 25 49 1
 26 1 1
 26 4 1
 26 5 1
 26 7 1
 26 8 1
 26 11 1
 26 12 1
 26 15 1
 26 19 1
 26 20 1
 26 21 1
 26 22 1
 26 25 1
 26 27 1
 26 28 1
 26 29 1
 26 32 1
 26 33 1
 26 34 1
 26 35 1
 26 36 1
 26 38 1
 26 40 1
 26 41 1
 26 44 1
 26 47 1
 26 48 1
 26 50 1
 27 1 1
 27 4 1
 27 6 1
 27 7 1
 27 10 1
 27 14 1
 27 15 1
 27 16 1
 27 18 1
 27 19 1
 27 22 1
 27 23 1
 27 24 1
 27 26 1
 27 28 1
 27 29 1
 27 30 1
 27 32 1
 27 33 1
 27 34 1
 27 36 1
 27 37 1
 27 39 1
 27 41 1
 27 43 1
 27 44 1
 27 48 1
 27 49 1
 27 50 1
 28 2 1
 28 5 1
 28 6 1
 28 7 1
 28 8 1
 28 9 1
 28 10 1
 28 12 1
 28 15 1
 28 18 1
 28 19 1
 28 20 1
 28 21 1
 28 22 1
 28 23 1
 28 29 1
 28 30 1
 28 31 1
 28 36 1
 28 38 1
 28 41 1
 28 42 1
 28 43 1
 28 44 1
 28 45 1
 28 46 1
 28 47 1
 28 48 1
 28 49 1
 28 50 1
 29 2 1
 29 3 1
 29 4 1
 29 5 1
 29 7 1
 29 15 1
 29 19 1
 29 20 1
 29 21 1
 29 22 1
 29 23 1
 29 25 1
 29 26 1
 29 28 1
 29 30 1
 29 31 1
 29 33 1
 29 34 1
 29 39 1
 29 41 1
 29 42 1
 29 43 1
 29 44 1
 29 46 1
 29 47 1
 29 48 1
 30 2 1
 30 4 1
 30 5 1
 30 6 1
 30 7 1
 30 12 1
 30 14 1
 30 15 1
 30 19 1
 30 20 1
 30 21 1
 30 22 1
 30 24 1
 30 25 1
 30 28 1
 30 29 1
 30 31 1
 30 33 1
 30 34 1
 30 35 1
 30 36 1
 30 37 1
 30 38 1
 30 39 1
 30 41 1
 30 42 1
 30 43 1
 30 44 1
 30 46 1
 30 48 1
 30 49 1
 31 1 1
 31 2 1
 31 4 1
 31 5 1
 31 11 1
 31 12 1
 31 14 1
 31 15 1
 31 16 1
 31 18 1
 31 20 1
 31 24 1
 31 25 1
 31 26 1
 31 27 1
 31 28 1
 31 30 1
 31 34 1
 31 35 1
 31 36 1
 31 42 1
 31 43 1
 31 46 1
 31 48 1
 31 50 1
 32 2 1
 32 5 1
 32 7 1
 32 8 1
 32 12 1
 32 13 1
 32 14 1
 32 15 1
 32 16 1
 32 17 1
 32 19 1
 32 20 1
 32 21 1
 32 22 1
 32 24 1
 32 25 1
 32 26 1
 32 27 1
 32 28 1
 32 29 1
 32 30 1
 32 31 1
 32 34 1
 32 35 1
 32 42 1
 32 43 1
