# Created by Octave 4.2.2, Mon Dec 13 20:30:27 2021 CST <lqg@qiguanglin-LC1>
# name: Map
# type: matrix
# rows: 534
# columns: 3
 1 2 1
 1 3 1
 1 4 1
 1 7 1
 1 9 1
 1 12 1
 1 14 1
 1 15 1
 1 16 1
 1 17 1
 1 19 1
 1 20 1
 1 21 1
 1 26 1
 1 27 1
 1 28 1
 1 29 1
 2 1 1
 2 3 1
 2 5 1
 2 6 1
 2 7 1
 2 8 1
 2 11 1
 2 12 1
 2 14 1
 2 16 1
 2 17 1
 2 21 1
 2 22 1
 2 24 1
 2 25 1
 2 26 1
 2 28 1
 3 1 1
 3 5 1
 3 6 1
 3 7 1
 3 9 1
 3 10 1
 3 11 1
 3 12 1
 3 13 1
 3 14 1
 3 15 1
 3 17 1
 3 18 1
 3 19 1
 3 21 1
 3 22 1
 3 24 1
 3 25 1
 3 29 1
 3 30 1
 4 1 1
 4 3 1
 4 6 1
 4 8 1
 4 9 1
 4 10 1
 4 11 1
 4 15 1
 4 17 1
 4 20 1
 4 21 1
 4 23 1
 4 24 1
 4 29 1
 4 30 1
 5 2 1
 5 3 1
 5 8 1
 5 10 1
 5 12 1
 5 13 1
 5 15 1
 5 18 1
 5 19 1
 5 20 1
 5 21 1
 5 22 1
 5 23 1
 5 28 1
 5 29 1
 5 30 1
 6 1 1
 6 2 1
 6 3 1
 6 4 1
 6 5 1
 6 7 1
 6 8 1
 6 9 1
 6 14 1
 6 17 1
 6 18 1
 6 19 1
 6 20 1
 6 22 1
 6 24 1
 6 26 1
 6 27 1
 6 28 1
 6 29 1
 6 30 1
 7 2 1
 7 3 1
 7 4 1
 7 5 1
 7 6 1
 7 8 1
 7 11 1
 7 12 1
 7 13 1
 7 14 1
 7 15 1
 7 18 1
 7 19 1
 7 21 1
 7 23 1
 7 24 1
 7 25 1
 7 26 1
 7 27 1
 7 28 1
 8 2 1
 8 3 1
 8 5 1
 8 6 1
 8 7 1
 8 9 1
 8 14 1
 8 16 1
 8 17 1
 8 18 1
 8 20 1
 8 24 1
 9 1 1
 9 2 1
 9 3 1
 9 4 1
 9 6 1
 9 7 1
 9 10 1
 9 12 1
 9 13 1
 9 15 1
 9 18 1
 9 20 1
 9 21 1
 9 24 1
 9 25 1
 9 26 1
 9 27 1
 9 29 1
 10 1 1
 10 4 1
 10 5 1
 10 6 1
 10 7 1
 10 8 1
 10 13 1
 10 14 1
 10 17 1
 10 19 1
 10 20 1
 10 22 1
 10 23 1
 10 25 1
 10 26 1
 10 28 1
 10 30 1
 11 1 1
 11 2 1
 11 3 1
 11 4 1
 11 6 1
 11 9 1
 11 10 1
 11 12 1
 11 16 1
 11 18 1
 11 20 1
 11 22 1
 11 24 1
 11 25 1
 11 26 1
 11 28 1
 11 29 1
 12 2 1
 12 3 1
 12 5 1
 12 7 1
 12 8 1
 12 11 1
 12 13 1
 12 16 1
 12 17 1
 12 19 1
 12 20 1
 12 21 1
 12 25 1
 12 26 1
 12 28 1
 13 3 1
 13 5 1
 13 8 1
 13 9 1
 13 10 1
 13 12 1
 13 14 1
 13 15 1
 13 16 1
 13 17 1
 13 18 1
 13 21 1
 13 24 1
 13 25 1
 13 26 1
 13 28 1
 14 2 1
 14 4 1
 14 5 1
 14 6 1
 14 7 1
 14 8 1
 14 9 1
 14 11 1
 14 12 1
 14 13 1
 14 18 1
 14 19 1
 14 21 1
 14 22 1
 14 23 1
 14 24 1
 14 26 1
 14 29 1
 15 1 1
 15 3 1
 15 6 1
 15 7 1
 15 8 1
 15 12 1
 15 16 1
 15 17 1
 15 22 1
 15 26 1
 15 27 1
 15 28 1
 15 29 1
 15 30 1
 16 1 1
 16 5 1
 16 7 1
 16 8 1
 16 9 1
 16 10 1
 16 11 1
 16 13 1
 16 15 1
 16 17 1
 16 18 1
 16 19 1
 16 20 1
 16 21 1
 16 23 1
 16 25 1
 16 26 1
 16 28 1
 16 30 1
 17 3 1
 17 5 1
 17 8 1
 17 10 1
 17 11 1
 17 12 1
 17 14 1
 17 15 1
 17 18 1
 17 19 1
 17 21 1
 17 22 1
 17 24 1
 17 26 1
 17 29 1
 17 30 1
 18 4 1
 18 7 1
 18 8 1
 18 10 1
 18 11 1
 18 12 1
 18 13 1
 18 15 1
 18 16 1
 18 17 1
 18 20 1
 18 21 1
 18 22 1
 18 23 1
 18 24 1
 18 25 1
 18 26 1
 18 28 1
 18 29 1
 18 30 1
 19 1 1
 19 3 1
 19 4 1
 19 5 1
 19 6 1
 19 9 1
 19 12 1
 19 13 1
 19 16 1
 19 21 1
 19 24 1
 19 25 1
 19 27 1
 19 28 1
 19 30 1
 20 1 1
 20 2 1
 20 4 1
 20 5 1
 20 7 1
 20 8 1
 20 9 1
 20 10 1
 20 11 1
 20 12 1
 20 13 1
 20 17 1
 20 18 1
 20 19 1
 20 22 1
 20 23 1
 20 24 1
 20 25 1
 20 26 1
 20 27 1
 20 30 1
 21 2 1
 21 5 1
 21 6 1
 21 7 1
 21 8 1
 21 10 1
 21 15 1
 21 16 1
 21 17 1
 21 18 1
 21 19 1
 21 23 1
 21 24 1
 21 27 1
 21 29 1
 22 2 1
 22 3 1
 22 4 1
 22 5 1
 22 8 1
 22 10 1
 22 13 1
 22 14 1
 22 15 1
 22 16 1
 22 17 1
 22 18 1
 22 20 1
 22 21 1
 22 23 1
 22 24 1
 22 25 1
 22 26 1
 22 29 1
 23 1 1
 23 2 1
 23 3 1
 23 4 1
 23 5 1
 23 7 1
 23 8 1
 23 9 1
 23 10 1
 23 11 1
 23 12 1
 23 15 1
 23 16 1
 23 17 1
 23 18 1
 23 19 1
 23 20 1
 23 21 1
 23 22 1
 23 24 1
 23 26 1
 23 27 1
 23 28 1
 24 1 1
 24 2 1
 24 3 1
 24 5 1
 24 6 1
 24 7 1
 24 8 1
 24 12 1
 24 13 1
 24 14 1
 24 15 1
 24 17 1
 24 18 1
 24 20 1
 24 21 1
 24 23 1
 24 25 1
 24 26 1
 24 29 1
 24 30 1
 25 1 1
 25 3 1
 25 4 1
 25 5 1
 25 7 1
 25 8 1
 25 9 1
 25 10 1
 25 12 1
 25 14 1
 25 17 1
 25 19 1
 25 24 1
 25 26 1
 25 28 1
 26 4 1
 26 5 1
 26 6 1
 26 7 1
 26 8 1
 26 10 1
 26 11 1
 26 13 1
 26 14 1
 26 15 1
 26 16 1
 26 17 1
 26 18 1
 26 19 1
 26 20 1
 26 23 1
 26 24 1
 26 25 1
 26 27 1
 26 28 1
 27 1 1
 27 2 1
 27 3 1
 27 4 1
 27 5 1
 27 6 1
 27 7 1
 27 8 1
 27 10 1
 27 11 1
 27 12 1
 27 13 1
 27 14 1
 27 18 1
 27 21 1
 27 22 1
 27 23 1
 27 24 1
 27 26 1
 27 29 1
 28 1 1
 28 2 1
 28 3 1
 28 5 1
 28 6 1
 28 8 1
 28 9 1
 28 10 1
 28 11 1
 28 12 1
 28 13 1
 28 15 1
 28 16 1
 28 17 1
 28 18 1
 28 21 1
 28 23 1
 28 24 1
 28 26 1
 28 29 1
 29 1 1
 29 3 1
 29 4 1
 29 6 1
 29 7 1
 29 8 1
 29 9 1
 29 10 1
 29 12 1
 29 13 1
 29 14 1
 29 17 1
 29 20 1
 29 22 1
 29 23 1
 29 24 1
 29 25 1
 29 27 1
 29 28 1
 29 30 1
 30 2 1
 30 3 1
 30 4 1
 30 5 1
 30 6 1
 30 8 1
 30 9 1
 30 10 1
 30 14 1
 30 15 1
 30 16 1
 30 17 1
 30 20 1
 30 22 1
 30 23 1
 30 24 1
 30 25 1
 30 26 1
 30 28 1


