# Created by Octave 4.2.2, Mon Dec 13 20:30:44 2021 CST <lqg@qiguanglin-LC1>
# name: Map
# type: matrix
# rows: 1437
# columns: 3
 1 3 1
 1 7 1
 1 8 1
 1 9 1
 1 10 1
 1 11 1
 1 12 1
 1 15 1
 1 16 1
 1 17 1
 1 18 1
 1 21 1
 1 24 1
 1 25 1
 1 27 1
 1 29 1
 1 30 1
 1 32 1
 1 36 1
 1 40 1
 1 41 1
 1 43 1
 1 48 1
 1 50 1
 2 1 1
 2 4 1
 2 6 1
 2 7 1
 2 8 1
 2 9 1
 2 10 1
 2 11 1
 2 12 1
 2 15 1
 2 17 1
 2 19 1
 2 20 1
 2 22 1
 2 26 1
 2 28 1
 2 30 1
 2 33 1
 2 34 1
 2 36 1
 2 37 1
 2 39 1
 2 41 1
 2 43 1
 2 46 1
 2 47 1
 2 48 1
 2 49 1
 2 50 1
 3 4 1
 3 5 1
 3 6 1
 3 8 1
 3 9 1
 3 10 1
 3 11 1
 3 12 1
 3 13 1
 3 14 1
 3 15 1
 3 16 1
 3 17 1
 3 19 1
 3 20 1
 3 22 1
 3 23 1
 3 25 1
 3 28 1
 3 29 1
 3 30 1
 3 31 1
 3 32 1
 3 33 1
 3 35 1
 3 37 1
 3 40 1
 3 42 1
 3 44 1
 3 45 1
 3 46 1
 3 47 1
 3 50 1
 4 1 1
 4 3 1
 4 5 1
 4 6 1
 4 8 1
 4 9 1
 4 10 1
 4 12 1
 4 13 1
 4 15 1
 4 21 1
 4 22 1
 4 26 1
 4 27 1
 4 29 1
 4 30 1
 4 31 1
 4 32 1
 4 33 1
 4 34 1
 4 35 1
 4 37 1
 4 38 1
 4 39 1
 4 40 1
 4 42 1
 4 46 1
 4 47 1
 4 50 1
 5 3 1
 5 4 1
 5 6 1
 5 8 1
 5 13 1
 5 16 1
 5 17 1
 5 19 1
 5 21 1
 5 22 1
 5 23 1
 5 24 1
 5 25 1
 5 26 1
 5 27 1
 5 28 1
 5 29 1
 5 30 1
 5 33 1
 5 34 1
 5 36 1
 5 37 1
 5 38 1
 5 39 1
 5 40 1
 5 44 1
 5 45 1
 5 46 1
 5 47 1
 5 49 1
 6 1 1
 6 3 1
 6 4 1
 6 7 1
 6 8 1
 6 11 1
 6 13 1
 6 14 1
 6 15 1
 6 17 1
 6 19 1
 6 21 1
 6 22 1
 6 23 1
 6 24 1
 6 25 1
 6 26 1
 6 27 1
 6 28 1
 6 29 1
 6 30 1
 6 31 1
 6 33 1
 6 35 1
 6 37 1
 6 40 1
 6 43 1
 6 45 1
 6 46 1
 6 48 1
 6 49 1
 6 50 1
 7 2 1
 7 4 1
 7 6 1
 7 8 1
 7 9 1
 7 11 1
 7 12 1
 7 13 1
 7 16 1
 7 18 1
 7 19 1
 7 20 1
 7 21 1
 7 22 1
 7 25 1
 7 26 1
 7 28 1
 7 32 1
 7 33 1
 7 35 1
 7 36 1
 7 38 1
 7 39 1
 7 42 1
 7 43 1
 7 44 1
 7 45 1
 7 46 1
 7 48 1
 7 50 1
 8 2 1
 8 3 1
 8 4 1
 8 6 1
 8 10 1
 8 11 1
 8 12 1
 8 14 1
 8 15 1
 8 16 1
 8 17 1
 8 20 1
 8 21 1
 8 22 1
 8 23 1
 8 25 1
 8 29 1
 8 30 1
 8 32 1
 8 33 1
 8 34 1
 8 35 1
 8 36 1
 8 37 1
 8 38 1
 8 41 1
 8 44 1
 8 46 1
 8 49 1
 8 50 1
 9 1 1
 9 7 1
 9 8 1
 9 11 1
 9 14 1
 9 18 1
 9 19 1
 9 20 1
 9 22 1
 9 24 1
 9 26 1
 9 27 1
 9 31 1
 9 32 1
 9 33 1
 9 34 1
 9 36 1
 9 38 1
 9 39 1
 9 40 1
 9 44 1
 9 45 1
 9 46 1
 9 47 1
 9 48 1
 10 2 1
 10 4 1
 10 6 1
 10 8 1
 10 12 1
 10 13 1
 10 17 1
 10 18 1
 10 19 1
 10 20 1
 10 21 1
 10 22 1
 10 23 1
 10 24 1
 10 26 1
 10 27 1
 10 29 1
 10 30 1
 10 33 1
 10 35 1
 10 36 1
 10 37 1
 10 39 1
 10 40 1
 10 41 1
 10 42 1
 10 43 1
 10 44 1
 10 45 1
 10 46 1
 11 1 1
 11 2 1
 11 4 1
 11 7 1
 11 8 1
 11 9 1
 11 10 1
 11 12 1
 11 14 1
 11 16 1
 11 17 1
 11 19 1
 11 20 1
 11 21 1
 11 25 1
 11 27 1
 11 28 1
 11 29 1
 11 30 1
 11 32 1
 11 35 1
 11 37 1
 11 38 1
 11 39 1
 11 40 1
 11 42 1
 11 43 1
 11 44 1
 11 45 1
 11 47 1
 11 48 1
 11 49 1
 11 50 1
 12 1 1
 12 4 1
 12 5 1
 12 7 1
 12 11 1
 12 13 1
 12 14 1
 12 16 1
 12 19 1
 12 23 1
 12 26 1
 12 27 1
 12 28 1
 12 29 1
 12 30 1
 12 33 1
 12 34 1
 12 35 1
 12 36 1
 12 39 1
 12 41 1
 12 44 1
 12 45 1
 12 46 1
 12 47 1
 13 2 1
 13 4 1
 13 5 1
 13 6 1
 13 7 1
 13 9 1
 13 10 1
 13 12 1
 13 17 1
 13 21 1
 13 22 1
 13 23 1
 13 24 1
 13 29 1
 13 31 1
 13 33 1
 13 34 1
 13 35 1
 13 36 1
 13 41 1
 13 43 1
 13 46 1
 13 48 1
 13 49 1
 13 50 1
 14 1 1
 14 3 1
 14 7 1
 14 8 1
 14 11 1
 14 12 1
 14 15 1
 14 17 1
 14 18 1
 14 22 1
 14 24 1
 14 25 1
 14 28 1
 14 29 1
 14 33 1
 14 34 1
 14 35 1
 14 36 1
 14 37 1
 14 39 1
 14 41 1
 14 44 1
 14 46 1
 14 47 1
 14 49 1
 15 2 1
 15 3 1
 15 4 1
 15 7 1
 15 8 1
 15 13 1
 15 16 1
 15 17 1
 15 18 1
 15 19 1
 15 21 1
 15 22 1
 15 23 1
 15 26 1
 15 27 1
 15 31 1
 15 33 1
 15 35 1
 15 36 1
 15 37 1
 15 39 1
 15 41 1
 15 42 1
 15 43 1
 15 44 1
 15 45 1
 15 46 1
 15 48 1
 15 49 1
 15 50 1
 16 1 1
 16 4 1
 16 5 1
 16 6 1
 16 7 1
 16 11 1
 16 13 1
 16 15 1
 16 17 1
 16 18 1
 16 19 1
 16 23 1
 16 27 1
 16 28 1
 16 29 1
 16 33 1
 16 34 1
 16 35 1
 16 38 1
 16 41 1
 16 42 1
 16 43 1
 16 44 1
 16 46 1
 16 47 1
 16 48 1
 16 49 1
 17 2 1
 17 3 1
 17 7 1
 17 11 1
 17 12 1
 17 13 1
 17 18 1
 17 19 1
 17 22 1
 17 24 1
 17 27 1
 17 28 1
 17 30 1
 17 33 1
 17 35 1
 17 36 1
 17 37 1
 17 38 1
 17 39 1
 17 41 1
 17 42 1
 17 44 1
 17 45 1
 17 46 1
 17 47 1
 17 48 1
 17 49 1
 18 1 1
 18 2 1
 18 3 1
 18 4 1
 18 7 1
 18 8 1
 18 12 1
 18 14 1
 18 15 1
 18 16 1
 18 19 1
 18 22 1
 18 25 1
 18 26 1
 18 27 1
 18 29 1
 18 30 1
 18 31 1
 18 32 1
 18 33 1
 18 35 1
 18 38 1
 18 40 1
 18 41 1
 18 42 1
 18 45 1
 18 46 1
 18 48 1
 18 49 1
 18 50 1
 19 1 1
 19 3 1
 19 4 1
 19 5 1
 19 7 1
 19 9 1
 19 10 1
 19 12 1
 19 13 1
 19 14 1
 19 20 1
 19 21 1
 19 22 1
 19 27 1
 19 32 1
 19 33 1
 19 34 1
 19 36 1
 19 37 1
 19 39 1
 19 40 1
 19 42 1
 19 43 1
 19 44 1
 19 45 1
 19 47 1
 19 50 1
 20 1 1
 20 4 1
 20 6 1
 20 7 1
 20 8 1
 20 9 1
 20 12 1
 20 14 1
 20 17 1
 20 21 1
 20 22 1
 20 23 1
 20 24 1
 20 25 1
 20 26 1
 20 27 1
 20 29 1
 20 32 1
 20 34 1
 20 35 1
 20 36 1
 20 37 1
 20 38 1
 20 39 1
 20 41 1
 20 43 1
 20 46 1
 20 47 1
 20 48 1
 20 50 1
 21 1 1
 21 2 1
 21 4 1
 21 5 1
 21 7 1
 21 9 1
 21 10 1
 21 15 1
 21 16 1
 21 17 1
 21 19 1
 21 20 1
 21 23 1
 21 27 1
 21 28 1
 21 29 1
 21 30 1
 21 35 1
 21 36 1
 21 37 1
 21 38 1
 21 39 1
 21 40 1
 21 41 1
 21 44 1
 21 46 1
 21 47 1
 21 48 1
 22 2 1
 22 3 1
 22 5 1
 22 7 1
 22 8 1
 22 10 1
 22 11 1
 22 13 1
 22 14 1
 22 15 1
 22 16 1
 22 19 1
 22 20 1
 22 21 1
 22 23 1
 22 24 1
 22 25 1
 22 27 1
 22 28 1
 22 32 1
 22 33 1
 22 34 1
 22 35 1
 22 37 1
 22 39 1
 22 40 1
 22 41 1
 22 42 1
 22 44 1
 22 45 1
 22 47 1
 22 48 1
 22 49 1
 22 50 1
 23 1 1
 23 3 1
 23 5 1
 23 6 1
 23 7 1
 23 9 1
 23 10 1
 23 11 1
 23 12 1
 23 13 1
 23 16 1
 23 17 1
 23 18 1
 23 21 1
 23 24 1
 23 25 1
 23 29 1
 23 31 1
 23 32 1
 23 35 1
 23 36 1
 23 39 1
 23 40 1
 23 44 1
 23 47 1
 23 48 1
 23 49 1
 24 3 1
 24 6 1
 24 7 1
 24 11 1
 24 12 1
 24 13 1
 24 14 1
 24 18 1
 24 22 1
 24 23 1
 24 25 1
 24 27 1
 24 30 1
 24 32 1
 24 34 1
 24 35 1
 24 38 1
 24 39 1
 24 41 1
 24 44 1
 24 45 1
 24 46 1
 24 47 1
 24 48 1
 24 49 1
 25 1 1
 25 2 1
 25 5 1
 25 6 1
 25 7 1
 25 8 1
 25 15 1
 25 18 1
 25 20 1
 25 23 1
 25 26 1
 25 27 1
 25 29 1
 25 30 1
 25 32 1
 25 33 1
 25 34 1
 25 35 1
 25 37 1
 25 38 1
 25 39 1
 25 41 1
 25 42 1
 25 43 1
 25 45 1
 25 46 1
 25 47 1
 25 48 1
 25 49 1
 25 50 1
 26 1 1
 26 2 1
 26 3 1
 26 4 1
 26 5 1
 26 6 1
 26 9 1
 26 12 1
 26 13 1
 26 14 1
 26 15 1
 26 16 1
 26 17 1
 26 19 1
 26 20 1
 26 21 1
 26 23 1
 26 24 1
 26 27 1
 26 28 1
 26 31 1
 26 33 1
 26 34 1
 26 35 1
 26 36 1
 26 39 1
 26 41 1
 26 43 1
 26 46 1
 26 47 1
 26 48 1
 26 49 1
 26 50 1
 27 1 1
 27 2 1
 27 3 1
 27 5 1
 27 6 1
 27 7 1
 27 8 1
 27 9 1
 27 11 1
 27 13 1
 27 15 1
 27 17 1
 27 18 1
 27 19 1
 27 20 1
 27 21 1
 27 22 1
 27 24 1
 27 25 1
 27 26 1
 27 28 1
 27 29 1
 27 31 1
 27 33 1
 27 34 1
 27 35 1
 27 38 1
 27 39 1
 27 40 1
 27 41 1
 27 45 1
 27 46 1
 27 47 1
 27 48 1
 27 49 1
 28 5 1
 28 6 1
 28 7 1
 28 8 1
 28 9 1
 28 13 1
 28 14 1
 28 16 1
 28 18 1
 28 19 1
 28 22 1
 28 24 1
 28 25 1
 28 26 1
 28 27 1
 28 29 1
 28 30 1
 28 31 1
 28 33 1
 28 36 1
 28 37 1
 28 38 1
 28 39 1
 28 42 1
 28 45 1
 28 47 1
 28 48 1
 28 50 1
 29 1 1
 29 2 1
 29 3 1
 29 4 1
 29 5 1
 29 6 1
 29 7 1
 29 10 1
 29 11 1
 29 14 1
 29 15 1
 29 16 1
 29 17 1
 29 21 1
 29 26 1
 29 27 1
 29 30 1
 29 31 1
 29 33 1
 29 34 1
 29 35 1
 29 37 1
 29 39 1
 29 41 1
 29 42 1
 29 43 1
 29 46 1
 29 48 1
 29 50 1
 30 3 1
 30 4 1
 30 6 1
 30 8 1
 30 9 1
 30 14 1
 30 15 1
 30 16 1
 30 18 1
 30 19 1
 30 20 1
 30 21 1
 30 23 1
 30 26 1
 30 28 1
 30 29 1
 30 32 1
 30 33 1
 30 35 1
 30 37 1
 30 39 1
 30 40 1
 30 43 1
 30 45 1
 30 47 1
 30 49 1
 31 1 1
 31 3 1
 31 4 1
 31 5 1
 31 6 1
 31 7 1
 31 11 1
 31 12 1
 31 13 1
 31 14 1
 31 15 1
 31 16 1
 31 17 1
 31 18 1
 31 19 1
 31 20 1
 31 21 1
 31 22 1
 31 23 1
 31 27 1
 31 29 1
 31 30 1
 31 32 1
 31 35 1
 31 36 1
 31 37 1
 31 38 1
 31 39 1
 31 40 1
 31 41 1
 31 43 1
 31 48 1
 31 50 1
 32 2 1
 32 3 1
 32 4 1
 32 8 1
 32 10 1
 32 13 1
 32 14 1
 32 15 1
 32 16 1
 32 17 1
 32 18 1
 32 19 1
 32 20 1
 32 21 1
 32 23 1
 32 24 1
 32 25 1
 32 26 1
 32 27 1
 32 30 1
 32 33 1
 32 41 1
