# Created by Octave 4.2.2, Mon Dec 13 20:30:41 2021 CST <lqg@qiguanglin-LC1>
# name: Map
# type: matrix
# rows: 1497
# columns: 3
 1 3 1
 1 4 1
 1 5 1
 1 6 1
 1 7 1
 1 9 1
 1 10 1
 1 11 1
 1 13 1
 1 16 1
 1 17 1
 1 19 1
 1 21 1
 1 22 1
 1 24 1
 1 25 1
 1 27 1
 1 28 1
 1 30 1
 1 33 1
 1 34 1
 1 36 1
 1 38 1
 1 39 1
 1 40 1
 1 41 1
 1 43 1
 1 44 1
 1 45 1
 1 49 1
 1 50 1
 2 1 1
 2 4 1
 2 10 1
 2 14 1
 2 15 1
 2 16 1
 2 18 1
 2 27 1
 2 28 1
 2 29 1
 2 30 1
 2 32 1
 2 35 1
 2 38 1
 2 39 1
 2 42 1
 2 43 1
 2 46 1
 2 47 1
 2 49 1
 2 50 1
 3 1 1
 3 2 1
 3 4 1
 3 6 1
 3 8 1
 3 9 1
 3 15 1
 3 16 1
 3 19 1
 3 20 1
 3 24 1
 3 26 1
 3 29 1
 3 32 1
 3 35 1
 3 36 1
 3 39 1
 3 40 1
 3 41 1
 3 42 1
 3 43 1
 3 46 1
 3 47 1
 3 48 1
 3 49 1
 3 50 1
 4 5 1
 4 8 1
 4 9 1
 4 11 1
 4 16 1
 4 18 1
 4 20 1
 4 21 1
 4 22 1
 4 23 1
 4 25 1
 4 35 1
 4 39 1
 4 40 1
 4 41 1
 4 42 1
 4 43 1
 4 46 1
 4 47 1
 4 48 1
 4 49 1
 5 1 1
 5 2 1
 5 3 1
 5 4 1
 5 7 1
 5 8 1
 5 9 1
 5 11 1
 5 15 1
 5 16 1
 5 17 1
 5 19 1
 5 20 1
 5 21 1
 5 22 1
 5 23 1
 5 25 1
 5 28 1
 5 29 1
 5 30 1
 5 31 1
 5 33 1
 5 35 1
 5 40 1
 5 42 1
 5 43 1
 5 48 1
 5 49 1
 5 50 1
 6 2 1
 6 3 1
 6 5 1
 6 8 1
 6 9 1
 6 11 1
 6 12 1
 6 14 1
 6 15 1
 6 16 1
 6 20 1
 6 21 1
 6 22 1
 6 23 1
 6 24 1
 6 27 1
 6 31 1
 6 32 1
 6 33 1
 6 34 1
 6 35 1
 6 36 1
 6 38 1
 6 39 1
 6 40 1
 6 41 1
 6 42 1
 6 45 1
 6 46 1
 6 47 1
 6 48 1
 6 49 1
 6 50 1
 7 1 1
 7 2 1
 7 6 1
 7 10 1
 7 11 1
 7 13 1
 7 16 1
 7 18 1
 7 20 1
 7 21 1
 7 22 1
 7 24 1
 7 25 1
 7 27 1
 7 29 1
 7 30 1
 7 31 1
 7 36 1
 7 37 1
 7 39 1
 7 40 1
 7 42 1
 7 43 1
 7 44 1
 7 47 1
 7 50 1
 8 3 1
 8 4 1
 8 6 1
 8 10 1
 8 11 1
 8 12 1
 8 13 1
 8 14 1
 8 17 1
 8 18 1
 8 19 1
 8 20 1
 8 21 1
 8 23 1
 8 24 1
 8 25 1
 8 26 1
 8 27 1
 8 30 1
 8 32 1
 8 34 1
 8 35 1
 8 38 1
 8 39 1
 8 41 1
 8 42 1
 8 43 1
 8 44 1
 8 45 1
 8 46 1
 8 48 1
 9 1 1
 9 2 1
 9 3 1
 9 4 1
 9 5 1
 9 6 1
 9 8 1
 9 11 1
 9 12 1
 9 13 1
 9 14 1
 9 15 1
 9 16 1
 9 19 1
 9 21 1
 9 22 1
 9 23 1
 9 24 1
 9 25 1
 9 26 1
 9 29 1
 9 30 1
 9 31 1
 9 32 1
 9 33 1
 9 38 1
 9 40 1
 9 41 1
 9 43 1
 9 46 1
 9 47 1
 9 48 1
 9 50 1
 10 2 1
 10 4 1
 10 6 1
 10 7 1
 10 9 1
 10 11 1
 10 13 1
 10 14 1
 10 15 1
 10 20 1
 10 21 1
 10 24 1
 10 26 1
 10 28 1
 10 30 1
 10 32 1
 10 33 1
 10 34 1
 10 35 1
 10 36 1
 10 37 1
 10 38 1
 10 39 1
 10 41 1
 10 44 1
 10 46 1
 10 47 1
 10 48 1
 11 2 1
 11 3 1
 11 6 1
 11 8 1
 11 10 1
 11 12 1
 11 13 1
 11 14 1
 11 15 1
 11 16 1
 11 17 1
 11 20 1
 11 22 1
 11 28 1
 11 29 1
 11 30 1
 11 32 1
 11 36 1
 11 38 1
 11 39 1
 11 40 1
 11 41 1
 11 42 1
 11 43 1
 11 44 1
 11 45 1
 11 46 1
 11 47 1
 11 48 1
 11 49 1
 12 1 1
 12 3 1
 12 4 1
 12 7 1
 12 8 1
 12 10 1
 12 11 1
 12 13 1
 12 14 1
 12 15 1
 12 16 1
 12 17 1
 12 18 1
 12 19 1
 12 20 1
 12 22 1
 12 23 1
 12 24 1
 12 25 1
 12 26 1
 12 28 1
 12 29 1
 12 30 1
 12 31 1
 12 34 1
 12 36 1
 12 37 1
 12 42 1
 12 43 1
 12 45 1
 12 46 1
 12 47 1
 12 49 1
 13 6 1
 13 7 1
 13 8 1
 13 9 1
 13 11 1
 13 14 1
 13 16 1
 13 17 1
 13 19 1
 13 20 1
 13 22 1
 13 23 1
 13 24 1
 13 26 1
 13 27 1
 13 28 1
 13 29 1
 13 30 1
 13 32 1
 13 33 1
 13 34 1
 13 35 1
 13 36 1
 13 37 1
 13 38 1
 13 41 1
 13 42 1
 13 43 1
 13 46 1
 13 47 1
 13 50 1
 14 3 1
 14 4 1
 14 6 1
 14 7 1
 14 8 1
 14 9 1
 14 12 1
 14 15 1
 14 16 1
 14 17 1
 14 18 1
 14 19 1
 14 20 1
 14 23 1
 14 26 1
 14 28 1
 14 32 1
 14 34 1
 14 35 1
 14 36 1
 14 37 1
 14 39 1
 14 40 1
 14 41 1
 14 42 1
 14 45 1
 14 46 1
 14 47 1
 15 1 1
 15 2 1
 15 3 1
 15 4 1
 15 5 1
 15 8 1
 15 9 1
 15 11 1
 15 12 1
 15 13 1
 15 14 1
 15 16 1
 15 18 1
 15 19 1
 15 20 1
 15 22 1
 15 24 1
 15 25 1
 15 26 1
 15 28 1
 15 29 1
 15 30 1
 15 31 1
 15 32 1
 15 36 1
 15 38 1
 15 43 1
 15 44 1
 15 46 1
 15 47 1
 15 49 1
 16 4 1
 16 5 1
 16 6 1
 16 8 1
 16 10 1
 16 11 1
 16 14 1
 16 18 1
 16 20 1
 16 24 1
 16 25 1
 16 26 1
 16 28 1
 16 29 1
 16 30 1
 16 31 1
 16 33 1
 16 34 1
 16 35 1
 16 37 1
 16 41 1
 16 42 1
 16 43 1
 16 44 1
 16 46 1
 16 47 1
 16 49 1
 17 3 1
 17 4 1
 17 5 1
 17 7 1
 17 10 1
 17 11 1
 17 13 1
 17 15 1
 17 16 1
 17 18 1
 17 19 1
 17 20 1
 17 22 1
 17 23 1
 17 24 1
 17 27 1
 17 28 1
 17 29 1
 17 30 1
 17 31 1
 17 32 1
 17 37 1
 17 38 1
 17 40 1
 17 42 1
 17 43 1
 17 44 1
 17 46 1
 17 47 1
 17 48 1
 17 49 1
 17 50 1
 18 1 1
 18 2 1
 18 3 1
 18 4 1
 18 5 1
 18 7 1
 18 8 1
 18 10 1
 18 12 1
 18 14 1
 18 17 1
 18 22 1
 18 23 1
 18 24 1
 18 25 1
 18 26 1
 18 27 1
 18 29 1
 18 31 1
 18 32 1
 18 33 1
 18 34 1
 18 37 1
 18 38 1
 18 39 1
 18 42 1
 18 43 1
 18 44 1
 18 45 1
 18 46 1
 18 47 1
 18 48 1
 18 49 1
 18 50 1
 19 1 1
 19 3 1
 19 4 1
 19 5 1
 19 7 1
 19 8 1
 19 9 1
 19 10 1
 19 11 1
 19 12 1
 19 13 1
 19 15 1
 19 16 1
 19 17 1
 19 18 1
 19 20 1
 19 23 1
 19 24 1
 19 26 1
 19 27 1
 19 28 1
 19 29 1
 19 32 1
 19 34 1
 19 35 1
 19 38 1
 19 40 1
 19 41 1
 19 44 1
 19 46 1
 19 47 1
 19 48 1
 20 1 1
 20 2 1
 20 3 1
 20 4 1
 20 5 1
 20 8 1
 20 9 1
 20 10 1
 20 11 1
 20 12 1
 20 13 1
 20 14 1
 20 15 1
 20 17 1
 20 18 1
 20 19 1
 20 21 1
 20 24 1
 20 26 1
 20 27 1
 20 28 1
 20 29 1
 20 32 1
 20 33 1
 20 34 1
 20 36 1
 20 39 1
 20 40 1
 20 41 1
 20 42 1
 20 45 1
 20 46 1
 20 47 1
 20 48 1
 20 49 1
 20 50 1
 21 1 1
 21 2 1
 21 3 1
 21 4 1
 21 5 1
 21 8 1
 21 9 1
 21 12 1
 21 13 1
 21 14 1
 21 15 1
 21 16 1
 21 17 1
 21 20 1
 21 23 1
 21 24 1
 21 25 1
 21 26 1
 21 27 1
 21 28 1
 21 29 1
 21 30 1
 21 31 1
 21 32 1
 21 33 1
 21 34 1
 21 35 1
 21 38 1
 21 39 1
 21 40 1
 21 41 1
 21 43 1
 21 44 1
 22 1 1
 22 3 1
 22 5 1
 22 10 1
 22 11 1
 22 12 1
 22 13 1
 22 14 1
 22 15 1
 22 16 1
 22 19 1
 22 20 1
 22 24 1
 22 25 1
 22 28 1
 22 29 1
 22 30 1
 22 32 1
 22 33 1
 22 34 1
 22 36 1
 22 37 1
 22 38 1
 22 39 1
 22 41 1
 22 43 1
 22 44 1
 22 46 1
 22 48 1
 23 2 1
 23 3 1
 23 4 1
 23 7 1
 23 9 1
 23 11 1
 23 12 1
 23 13 1
 23 14 1
 23 17 1
 23 19 1
 23 22 1
 23 24 1
 23 25 1
 23 28 1
 23 30 1
 23 31 1
 23 32 1
 23 36 1
 23 37 1
 23 38 1
 23 43 1
 23 44 1
 23 45 1
 23 47 1
 23 49 1
 24 1 1
 24 3 1
 24 4 1
 24 6 1
 24 7 1
 24 8 1
 24 10 1
 24 12 1
 24 21 1
 24 22 1
 24 25 1
 24 29 1
 24 32 1
 24 33 1
 24 35 1
 24 36 1
 24 38 1
 24 39 1
 24 40 1
 24 41 1
 24 43 1
 24 46 1
 24 49 1
 24 50 1
 25 1 1
 25 3 1
 25 5 1
 25 7 1
 25 8 1
 25 9 1
 25 12 1
 25 13 1
 25 15 1
 25 16 1
 25 18 1
 25 19 1
 25 22 1
 25 23 1
 25 24 1
 25 26 1
 25 27 1
 25 30 1
 25 31 1
 25 34 1
 25 36 1
 25 38 1
 25 39 1
 25 40 1
 25 41 1
 25 42 1
 25 44 1
 25 48 1
 25 49 1
 25 50 1
 26 1 1
 26 2 1
 26 3 1
 26 5 1
 26 6 1
 26 7 1
 26 8 1
 26 9 1
 26 10 1
 26 11 1
 26 13 1
 26 15 1
 26 17 1
 26 18 1
 26 19 1
 26 21 1
 26 22 1
 26 24 1
 26 27 1
 26 29 1
 26 32 1
 26 33 1
 26 34 1
 26 35 1
 26 36 1
 26 41 1
 26 43 1
 26 44 1
 26 45 1
 26 46 1
 26 48 1
 26 49 1
 26 50 1
 27 2 1
 27 4 1
 27 7 1
 27 11 1
 27 12 1
 27 15 1
 27 16 1
 27 17 1
 27 18 1
 27 20 1
 27 21 1
 27 22 1
 27 23 1
 27 26 1
 27 29 1
 27 30 1
 27 33 1
 27 34 1
 27 35 1
 27 36 1
 27 37 1
 27 40 1
 27 41 1
 27 42 1
 27 44 1
 27 46 1
 27 48 1
 27 50 1
 28 1 1
 28 3 1
 28 5 1
 28 6 1
 28 7 1
 28 9 1
 28 11 1
 28 12 1
 28 13 1
 28 15 1
 28 16 1
 28 20 1
 28 21 1
 28 22 1
 28 23 1
 28 24 1
 28 26 1
 28 27 1
 28 29 1
 28 30 1
 28 32 1
 28 33 1
 28 34 1
 28 36 1
 28 37 1
 28 40 1
 28 41 1
 28 42 1
 28 43 1
 28 46 1
 28 49 1
 28 50 1
 29 1 1
 29 4 1
 29 5 1
 29 6 1
 29 8 1
 29 9 1
 29 10 1
 29 12 1
 29 13 1
 29 14 1
 29 15 1
 29 16 1
 29 18 1
 29 20 1
 29 22 1
 29 23 1
 29 26 1
 29 27 1
 29 28 1
 29 31 1
 29 32 1
 29 33 1
 29 36 1
 29 38 1
 29 39 1
 29 40 1
 29 42 1
 29 43 1
 29 47 1
 29 48 1
 29 49 1
 29 50 1
 30 1 1
 30 2 1
 30 4 1
 30 9 1
 30 11 1
 30 14 1
 30 18 1
 30 21 1
 30 24 1
 30 25 1
 30 26 1
 30 27 1
 30 28 1
 30 29 1
 30 33 1
 30 34 1
 30 36 1
 30 40 1
 30 42 1
 30 43 1
 30 44 1
 30 47 1
 30 48 1
 30 49 1
 30 50 1
 31 2 1
 31 3 1
 31 4 1
 31 5 1
 31 6 1
 31 7 1
 31 8 1
 31 9 1
 31 14 1
 31 15 1
 31 16 1
 31 17 1
 31 18 1
 31 19 1
 31 20 1
 31 22 1
 31 23 1
 31 24 1
 31 26 1
 31 27 1
 31 28 1
 31 29 1
 31 30 1
 31 32 1
 31 33 1
 31 36 1
 31 37 1
 31 40 1
 31 42 1
 31 43 1
 31 46 1
 31 47 1
 31 49 1
 31 50 1
 32 4 1
