# Created by Octave 4.2.2, Mon Dec 13 20:30:25 2021 CST <lqg@qiguanglin-LC1>
# name: Map
# type: matrix
# rows: 218
# columns: 3
 1 2 1
 1 7 1
 1 9 1
 1 11 1
 1 12 1
 1 14 1
 1 15 1
 1 16 1
 1 19 1
 1 20 1
 2 1 1
 2 4 1
 2 5 1
 2 7 1
 2 8 1
 2 9 1
 2 10 1
 2 13 1
 2 16 1
 2 17 1
 2 18 1
 2 19 1
 2 20 1
 3 1 1
 3 2 1
 3 5 1
 3 6 1
 3 8 1
 3 10 1
 3 14 1
 3 15 1
 3 20 1
 4 2 1
 4 5 1
 4 7 1
 4 8 1
 4 11 1
 4 12 1
 4 15 1
 4 17 1
 4 18 1
 4 20 1
 5 1 1
 5 2 1
 5 3 1
 5 4 1
 5 6 1
 5 9 1
 5 10 1
 5 13 1
 5 14 1
 5 15 1
 5 19 1
 5 20 1
 6 1 1
 6 3 1
 6 4 1
 6 7 1
 6 9 1
 6 10 1
 6 11 1
 6 15 1
 6 16 1
 6 17 1
 6 19 1
 7 2 1
 7 3 1
 7 6 1
 7 9 1
 7 12 1
 7 13 1
 7 17 1
 8 1 1
 8 4 1
 8 5 1
 8 7 1
 8 12 1
 8 13 1
 8 14 1
 8 16 1
 8 17 1
 8 18 1
 8 19 1
 9 1 1
 9 4 1
 9 5 1
 9 8 1
 9 11 1
 9 12 1
 9 17 1
 9 18 1
 9 19 1
 10 1 1
 10 2 1
 10 3 1
 10 7 1
 10 8 1
 10 11 1
 10 12 1
 10 13 1
 10 14 1
 10 16 1
 10 17 1
 10 18 1
 10 19 1
 10 20 1
 11 1 1
 11 2 1
 11 4 1
 11 5 1
 11 9 1
 11 10 1
 11 13 1
 11 15 1
 11 17 1
 11 18 1
 11 20 1
 12 1 1
 12 2 1
 12 3 1
 12 4 1
 12 6 1
 12 7 1
 12 8 1
 12 9 1
 12 10 1
 12 11 1
 12 14 1
 12 15 1
 12 16 1
 12 18 1
 12 19 1
 13 1 1
 13 6 1
 13 7 1
 13 9 1
 13 10 1
 13 11 1
 13 15 1
 13 16 1
 13 17 1
 13 19 1
 13 20 1
 14 1 1
 14 2 1
 14 3 1
 14 4 1
 14 6 1
 14 7 1
 14 10 1
 14 12 1
 14 13 1
 14 15 1
 14 17 1
 14 19 1
 14 20 1
 15 2 1
 15 4 1
 15 5 1
 15 6 1
 15 7 1
 15 8 1
 15 9 1
 15 11 1
 15 14 1
 15 17 1
 15 18 1
 15 19 1
 15 20 1
 16 2 1
 16 3 1
 16 4 1
 16 5 1
 16 7 1
 16 8 1
 16 9 1
 16 11 1
 16 15 1
 16 17 1
 16 19 1
 16 20 1
 17 9 1
 17 11 1
 17 12 1
 17 14 1
 17 15 1
 17 16 1
 17 18 1
 18 1 1
 18 2 1
 18 6 1
 18 7 1
 18 8 1
 18 9 1
 18 10 1
 18 12 1
 18 20 1
 19 3 1
 19 4 1
 19 5 1
 19 7 1
 19 11 1
 19 13 1
 19 16 1
 19 18 1
 19 20 1
 20 1 1
 20 2 1
 20 3 1
 20 7 1
 20 9 1
 20 11 1
 20 13 1
 20 14 1
 20 15 1
 20 16 1
 20 17 1
 20 18 1


