# Created by Octave 4.2.2, Mon Dec 13 20:30:37 2021 CST <lqg@qiguanglin-LC1>
# name: Map
# type: matrix
# rows: 916
# columns: 3
 1 3 1
 1 4 1
 1 6 1
 1 7 1
 1 8 1
 1 10 1
 1 11 1
 1 13 1
 1 14 1
 1 15 1
 1 16 1
 1 18 1
 1 27 1
 1 32 1
 1 34 1
 1 35 1
 1 36 1
 1 37 1
 1 40 1
 2 1 1
 2 3 1
 2 4 1
 2 6 1
 2 8 1
 2 11 1
 2 14 1
 2 17 1
 2 18 1
 2 19 1
 2 20 1
 2 21 1
 2 22 1
 2 23 1
 2 24 1
 2 26 1
 2 28 1
 2 31 1
 2 32 1
 2 36 1
 2 37 1
 2 39 1
 3 1 1
 3 2 1
 3 4 1
 3 6 1
 3 9 1
 3 11 1
 3 12 1
 3 13 1
 3 14 1
 3 15 1
 3 17 1
 3 18 1
 3 20 1
 3 21 1
 3 22 1
 3 23 1
 3 24 1
 3 25 1
 3 27 1
 3 28 1
 3 30 1
 3 31 1
 3 32 1
 3 34 1
 3 36 1
 3 37 1
 3 39 1
 4 2 1
 4 5 1
 4 6 1
 4 8 1
 4 11 1
 4 12 1
 4 15 1
 4 16 1
 4 18 1
 4 19 1
 4 20 1
 4 21 1
 4 22 1
 4 23 1
 4 24 1
 4 25 1
 4 26 1
 4 27 1
 4 28 1
 4 30 1
 4 31 1
 4 33 1
 4 34 1
 4 35 1
 4 36 1
 4 37 1
 4 38 1
 5 1 1
 5 2 1
 5 3 1
 5 7 1
 5 9 1
 5 10 1
 5 11 1
 5 13 1
 5 15 1
 5 16 1
 5 18 1
 5 19 1
 5 22 1
 5 23 1
 5 25 1
 5 28 1
 5 29 1
 5 31 1
 5 33 1
 5 36 1
 5 37 1
 5 39 1
 6 2 1
 6 4 1
 6 5 1
 6 7 1
 6 8 1
 6 9 1
 6 11 1
 6 15 1
 6 16 1
 6 18 1
 6 19 1
 6 22 1
 6 23 1
 6 24 1
 6 27 1
 6 29 1
 6 31 1
 6 33 1
 6 34 1
 6 36 1
 6 37 1
 6 38 1
 6 39 1
 6 40 1
 7 2 1
 7 4 1
 7 5 1
 7 10 1
 7 11 1
 7 15 1
 7 22 1
 7 23 1
 7 25 1
 7 26 1
 7 27 1
 7 28 1
 7 29 1
 7 30 1
 7 31 1
 7 32 1
 7 33 1
 7 35 1
 7 36 1
 8 2 1
 8 3 1
 8 5 1
 8 6 1
 8 7 1
 8 12 1
 8 16 1
 8 17 1
 8 19 1
 8 21 1
 8 22 1
 8 23 1
 8 24 1
 8 25 1
 8 26 1
 8 27 1
 8 30 1
 8 34 1
 8 36 1
 8 37 1
 8 40 1
 9 2 1
 9 6 1
 9 8 1
 9 11 1
 9 12 1
 9 13 1
 9 16 1
 9 17 1
 9 18 1
 9 19 1
 9 20 1
 9 21 1
 9 22 1
 9 24 1
 9 25 1
 9 26 1
 9 27 1
 9 28 1
 9 30 1
 9 34 1
 9 35 1
 9 37 1
 9 38 1
 9 39 1
 10 1 1
 10 4 1
 10 5 1
 10 8 1
 10 9 1
 10 11 1
 10 12 1
 10 14 1
 10 16 1
 10 17 1
 10 21 1
 10 22 1
 10 24 1
 10 27 1
 10 31 1
 10 32 1
 10 33 1
 10 34 1
 10 35 1
 10 36 1
 10 39 1
 10 40 1
 11 1 1
 11 4 1
 11 5 1
 11 7 1
 11 8 1
 11 9 1
 11 10 1
 11 12 1
 11 13 1
 11 15 1
 11 18 1
 11 19 1
 11 20 1
 11 21 1
 11 22 1
 11 24 1
 11 26 1
 11 28 1
 11 32 1
 11 33 1
 11 34 1
 11 35 1
 11 38 1
 11 40 1
 12 2 1
 12 4 1
 12 5 1
 12 6 1
 12 8 1
 12 11 1
 12 13 1
 12 14 1
 12 15 1
 12 16 1
 12 18 1
 12 19 1
 12 20 1
 12 21 1
 12 22 1
 12 23 1
 12 25 1
 12 27 1
 12 28 1
 12 29 1
 12 31 1
 12 33 1
 12 34 1
 12 35 1
 12 36 1
 12 37 1
 12 38 1
 12 39 1
 13 1 1
 13 4 1
 13 5 1
 13 6 1
 13 8 1
 13 14 1
 13 16 1
 13 18 1
 13 20 1
 13 21 1
 13 24 1
 13 25 1
 13 26 1
 13 27 1
 13 28 1
 13 30 1
 13 31 1
 13 33 1
 13 34 1
 13 35 1
 13 36 1
 13 38 1
 13 40 1
 14 1 1
 14 2 1
 14 3 1
 14 4 1
 14 8 1
 14 13 1
 14 15 1
 14 16 1
 14 17 1
 14 18 1
 14 20 1
 14 21 1
 14 22 1
 14 26 1
 14 27 1
 14 28 1
 14 31 1
 14 34 1
 14 35 1
 14 37 1
 14 38 1
 14 39 1
 14 40 1
 15 1 1
 15 3 1
 15 4 1
 15 7 1
 15 8 1
 15 9 1
 15 10 1
 15 11 1
 15 13 1
 15 14 1
 15 16 1
 15 19 1
 15 22 1
 15 25 1
 15 26 1
 15 27 1
 15 29 1
 15 30 1
 15 33 1
 15 36 1
 15 37 1
 15 38 1
 15 40 1
 16 2 1
 16 3 1
 16 4 1
 16 6 1
 16 7 1
 16 8 1
 16 10 1
 16 11 1
 16 14 1
 16 15 1
 16 17 1
 16 20 1
 16 22 1
 16 23 1
 16 24 1
 16 26 1
 16 27 1
 16 28 1
 16 29 1
 16 30 1
 16 31 1
 16 32 1
 16 33 1
 16 34 1
 16 36 1
 16 38 1
 16 39 1
 17 1 1
 17 4 1
 17 5 1
 17 6 1
 17 7 1
 17 8 1
 17 9 1
 17 10 1
 17 11 1
 17 12 1
 17 14 1
 17 15 1
 17 16 1
 17 19 1
 17 20 1
 17 21 1
 17 23 1
 17 25 1
 17 28 1
 17 29 1
 17 31 1
 17 32 1
 17 34 1
 17 36 1
 17 37 1
 17 38 1
 17 40 1
 18 3 1
 18 4 1
 18 9 1
 18 10 1
 18 12 1
 18 13 1
 18 15 1
 18 16 1
 18 17 1
 18 21 1
 18 22 1
 18 25 1
 18 26 1
 18 27 1
 18 28 1
 18 29 1
 18 30 1
 18 31 1
 18 33 1
 18 36 1
 18 40 1
 19 1 1
 19 2 1
 19 4 1
 19 5 1
 19 6 1
 19 7 1
 19 8 1
 19 10 1
 19 11 1
 19 15 1
 19 20 1
 19 21 1
 19 22 1
 19 23 1
 19 24 1
 19 25 1
 19 26 1
 19 27 1
 19 30 1
 19 31 1
 19 32 1
 19 34 1
 19 35 1
 19 36 1
 19 37 1
 19 40 1
 20 1 1
 20 2 1
 20 5 1
 20 6 1
 20 7 1
 20 8 1
 20 9 1
 20 10 1
 20 14 1
 20 16 1
 20 19 1
 20 22 1
 20 23 1
 20 26 1
 20 28 1
 20 29 1
 20 30 1
 20 31 1
 20 33 1
 20 36 1
 20 39 1
 20 40 1
 21 1 1
 21 6 1
 21 7 1
 21 8 1
 21 9 1
 21 10 1
 21 14 1
 21 15 1
 21 16 1
 21 17 1
 21 19 1
 21 20 1
 21 22 1
 21 23 1
 21 26 1
 21 27 1
 21 28 1
 21 29 1
 21 30 1
 21 31 1
 21 33 1
 21 35 1
 21 36 1
 21 38 1
 22 1 1
 22 2 1
 22 4 1
 22 7 1
 22 8 1
 22 11 1
 22 12 1
 22 14 1
 22 16 1
 22 20 1
 22 21 1
 22 24 1
 22 25 1
 22 27 1
 22 28 1
 22 29 1
 22 32 1
 22 33 1
 22 34 1
 22 36 1
 22 37 1
 22 38 1
 22 39 1
 23 2 1
 23 3 1
 23 5 1
 23 6 1
 23 8 1
 23 10 1
 23 13 1
 23 14 1
 23 15 1
 23 17 1
 23 19 1
 23 21 1
 23 31 1
 23 33 1
 23 36 1
 23 37 1
 23 38 1
 23 40 1
 24 3 1
 24 4 1
 24 7 1
 24 9 1
 24 10 1
 24 11 1
 24 14 1
 24 15 1
 24 18 1
 24 19 1
 24 20 1
 24 21 1
 24 22 1
 24 26 1
 24 27 1
 24 28 1
 24 31 1
 24 32 1
 24 33 1
 24 35 1
 24 36 1
 24 37 1
 24 38 1
 24 39 1
 25 1 1
 25 3 1
 25 5 1
 25 6 1
 25 7 1
 25 8 1
 25 9 1
 25 11 1
 25 12 1
 25 14 1
 25 15 1
 25 16 1
 25 18 1
 25 19 1
 25 22 1
 25 24 1
 25 27 1
 25 28 1
 25 29 1
 25 31 1
 25 32 1
 25 33 1
 25 34 1
 25 37 1
 25 38 1
 25 39 1
 25 40 1
 26 1 1
 26 2 1
 26 4 1
 26 5 1
 26 10 1
 26 11 1
 26 12 1
 26 13 1
 26 15 1
 26 16 1
 26 18 1
 26 19 1
 26 20 1
 26 21 1
 26 24 1
 26 25 1
 26 27 1
 26 28 1
 26 29 1
 26 30 1
 26 33 1
 26 34 1
 26 35 1
 26 36 1
 27 1 1
 27 2 1
 27 3 1
 27 4 1
 27 5 1
 27 8 1
 27 9 1
 27 10 1
 27 13 1
 27 16 1
 27 17 1
 27 18 1
 27 20 1
 27 23 1
 27 28 1
 27 29 1
 27 31 1
 27 32 1
 27 33 1
 27 35 1
 27 37 1
 27 38 1
 27 39 1
 28 1 1
 28 3 1
 28 7 1
 28 10 1
 28 12 1
 28 13 1
 28 14 1
 28 15 1
 28 17 1
 28 19 1
 28 20 1
 28 21 1
 28 22 1
 28 23 1
 28 25 1
 28 26 1
 28 29 1
 28 30 1
 28 31 1
 28 33 1
 28 34 1
 28 36 1
 28 38 1
 28 40 1
 29 1 1
 29 2 1
 29 4 1
 29 5 1
 29 6 1
 29 8 1
 29 10 1
 29 12 1
 29 13 1
 29 15 1
 29 16 1
 29 17 1
 29 23 1
 29 25 1
 29 27 1
 29 28 1
 29 30 1
 29 31 1
 29 34 1
 29 35 1
 29 36 1
 29 38 1
 29 39 1
 29 40 1
 30 2 1
 30 4 1
 30 5 1
 30 7 1
 30 8 1
 30 9 1
 30 10 1
 30 12 1
 30 18 1
 30 20 1
 30 21 1
 30 23 1
 30 24 1
 30 25 1
 30 26 1
 30 27 1
 30 28 1
 30 32 1
 30 33 1
 30 34 1
 30 35 1
 30 38 1
 30 39 1
 30 40 1
 31 3 1
 31 4 1
 31 5 1
 31 6 1
 31 7 1
 31 8 1
 31 10 1
 31 11 1
 31 12 1
 31 13 1
 31 17 1
 31 19 1
 31 21 1
 31 23 1
 31 27 1
 31 28 1
 31 29 1
 31 35 1
 31 36 1
 31 38 1
 32 3 1
 32 5 1
 32 6 1
 32 7 1
 32 8 1
 32 9 1
 32 11 1
 32 12 1
 32 13 1
 32 16 1
 32 17 1
 32 18 1
 32 19 1
 32 24 1
 32 25 1
 32 27 1
 32 28 1
 32 29 1
 32 30 1
 32 34 1
 32 36 1
 32 37 1
 33 3 1
 33 5 1
 33 6 1
 33 9 1
 33 11 1
 33 12 1
 33 13 1
 33 14 1
 33 16 1
 33 21 1
 33 22 1
 33 23 1
 33 27 1
 33 28 1
 33 31 1
 33 32 1
 33 34 1
 33 36 1
 33 37 1
 33 39 1
 33 40 1
 34 1 1
 34 4 1
 34 5 1
 34 6 1
 34 7 1
 34 9 1
 34 10 1
 34 14 1
 34 20 1
 34 23 1
 34 24 1
 34 29 1
 34 30 1
 34 33 1
 34 35 1
 34 36 1
 34 38 1
 34 39 1
 35 1 1
 35 2 1
 35 3 1
 35 5 1
 35 9 1
 35 10 1
 35 11 1
 35 12 1
 35 13 1
 35 15 1
 35 16 1
 35 19 1
 35 20 1
 35 25 1
 35 27 1
 35 28 1
 35 29 1
 35 30 1
 35 31 1
 35 32 1
 35 33 1
 35 37 1
 35 38 1
 35 39 1
 36 1 1
 36 3 1
 36 4 1
 36 7 1
 36 9 1
 36 10 1
 36 13 1
 36 15 1
 36 16 1
 36 17 1
 36 18 1
 36 19 1
 36 20 1
 36 22 1
 36 24 1
 36 26 1
 36 27 1
 36 29 1
 36 30 1
 36 31 1
 36 33 1
 36 34 1
 36 35 1
 36 38 1
 36 40 1
 37 3 1
 37 4 1
 37 6 1
 37 7 1
 37 9 1
 37 10 1
 37 13 1
 37 14 1
 37 16 1
 37 17 1
 37 21 1
 37 27 1
 37 28 1
 37 29 1
 37 30 1
 37 31 1
 37 32 1
 37 33 1
 37 34 1
 37 35 1
 37 38 1
 37 39 1
 37 40 1
 38 2 1
 38 3 1
 38 4 1
 38 9 1
 38 13 1
 38 14 1
 38 17 1
 38 19 1
 38 21 1
 38 22 1
 38 23 1
 38 25 1
 38 26 1
 38 32 1
 38 33 1
 38 35 1
 38 40 1
 39 6 1
 39 10 1
 39 12 1
 39 14 1
 39 15 1
 39 17 1
 39 18 1
 39 22 1
 39 23 1
 39 24 1
 39 25 1
 39 26 1
 39 27 1
 39 29 1
 39 31 1
 39 32 1
 39 33 1
 39 34 1
 39 36 1
 39 38 1
 39 40 1
 40 1 1
 40 2 1
 40 3 1
 40 4 1
 40 6 1
 40 7 1
 40 13 1
 40 14 1
 40 16 1
 40 17 1
 40 18 1
 40 21 1
 40 24 1
 40 26 1
 40 29 1
 40 33 1
 40 34 1
 40 37 1
 40 39 1


