# Created by Octave 4.2.2, Mon Dec 13 20:30:34 2021 CST <lqg@qiguanglin-LC1>
# name: Map
# type: matrix
# rows: 914
# columns: 3
 1 2 1
 1 3 1
 1 5 1
 1 6 1
 1 7 1
 1 11 1
 1 12 1
 1 14 1
 1 16 1
 1 17 1
 1 18 1
 1 19 1
 1 20 1
 1 21 1
 1 22 1
 1 23 1
 1 24 1
 1 27 1
 1 28 1
 1 30 1
 1 31 1
 1 33 1
 1 34 1
 1 35 1
 1 36 1
 1 38 1
 2 1 1
 2 3 1
 2 4 1
 2 6 1
 2 7 1
 2 8 1
 2 9 1
 2 10 1
 2 11 1
 2 12 1
 2 13 1
 2 15 1
 2 18 1
 2 22 1
 2 23 1
 2 24 1
 2 25 1
 2 26 1
 2 28 1
 2 29 1
 2 30 1
 2 32 1
 2 33 1
 2 34 1
 2 35 1
 2 38 1
 2 40 1
 3 2 1
 3 4 1
 3 5 1
 3 6 1
 3 7 1
 3 8 1
 3 12 1
 3 14 1
 3 15 1
 3 16 1
 3 20 1
 3 23 1
 3 25 1
 3 26 1
 3 27 1
 3 29 1
 3 31 1
 3 32 1
 3 33 1
 3 34 1
 3 35 1
 3 36 1
 3 37 1
 3 39 1
 3 40 1
 4 2 1
 4 3 1
 4 5 1
 4 6 1
 4 7 1
 4 8 1
 4 9 1
 4 10 1
 4 13 1
 4 14 1
 4 15 1
 4 16 1
 4 17 1
 4 22 1
 4 23 1
 4 24 1
 4 25 1
 4 27 1
 4 28 1
 4 32 1
 4 33 1
 4 34 1
 4 35 1
 4 36 1
 4 37 1
 4 38 1
 4 40 1
 5 3 1
 5 6 1
 5 10 1
 5 11 1
 5 12 1
 5 15 1
 5 16 1
 5 17 1
 5 18 1
 5 20 1
 5 21 1
 5 22 1
 5 23 1
 5 24 1
 5 25 1
 5 28 1
 5 29 1
 5 32 1
 5 33 1
 5 34 1
 5 35 1
 5 37 1
 5 38 1
 5 40 1
 6 2 1
 6 3 1
 6 4 1
 6 5 1
 6 7 1
 6 8 1
 6 9 1
 6 10 1
 6 12 1
 6 21 1
 6 22 1
 6 23 1
 6 29 1
 6 30 1
 6 31 1
 6 32 1
 6 33 1
 6 34 1
 6 35 1
 6 38 1
 6 39 1
 6 40 1
 7 1 1
 7 3 1
 7 4 1
 7 5 1
 7 8 1
 7 13 1
 7 15 1
 7 17 1
 7 18 1
 7 21 1
 7 23 1
 7 27 1
 7 28 1
 7 31 1
 7 32 1
 7 35 1
 7 36 1
 7 38 1
 7 39 1
 7 40 1
 8 3 1
 8 5 1
 8 7 1
 8 9 1
 8 10 1
 8 14 1
 8 15 1
 8 16 1
 8 17 1
 8 18 1
 8 20 1
 8 21 1
 8 22 1
 8 23 1
 8 25 1
 8 26 1
 8 29 1
 8 30 1
 8 33 1
 8 34 1
 8 35 1
 8 38 1
 8 40 1
 9 1 1
 9 5 1
 9 13 1
 9 15 1
 9 17 1
 9 20 1
 9 23 1
 9 24 1
 9 28 1
 9 30 1
 9 32 1
 9 33 1
 9 34 1
 9 36 1
 9 37 1
 9 39 1
 10 1 1
 10 3 1
 10 5 1
 10 6 1
 10 7 1
 10 8 1
 10 11 1
 10 12 1
 10 13 1
 10 14 1
 10 15 1
 10 18 1
 10 19 1
 10 23 1
 10 24 1
 10 26 1
 10 31 1
 10 32 1
 10 36 1
 10 37 1
 10 38 1
 10 39 1
 11 2 1
 11 5 1
 11 7 1
 11 12 1
 11 17 1
 11 18 1
 11 19 1
 11 23 1
 11 25 1
 11 27 1
 11 31 1
 11 34 1
 11 35 1
 11 37 1
 11 38 1
 11 39 1
 11 40 1
 12 2 1
 12 4 1
 12 5 1
 12 8 1
 12 9 1
 12 11 1
 12 16 1
 12 17 1
 12 18 1
 12 22 1
 12 24 1
 12 25 1
 12 33 1
 12 34 1
 12 35 1
 12 36 1
 12 37 1
 12 38 1
 12 39 1
 12 40 1
 13 1 1
 13 2 1
 13 4 1
 13 5 1
 13 6 1
 13 8 1
 13 12 1
 13 14 1
 13 15 1
 13 16 1
 13 17 1
 13 18 1
 13 21 1
 13 23 1
 13 24 1
 13 27 1
 13 30 1
 13 32 1
 13 33 1
 13 35 1
 13 40 1
 14 1 1
 14 2 1
 14 4 1
 14 6 1
 14 8 1
 14 9 1
 14 10 1
 14 12 1
 14 15 1
 14 16 1
 14 17 1
 14 18 1
 14 21 1
 14 22 1
 14 24 1
 14 26 1
 14 27 1
 14 29 1
 14 30 1
 14 31 1
 14 33 1
 14 36 1
 14 37 1
 14 38 1
 14 39 1
 15 1 1
 15 3 1
 15 5 1
 15 9 1
 15 10 1
 15 12 1
 15 14 1
 15 17 1
 15 18 1
 15 22 1
 15 25 1
 15 27 1
 15 28 1
 15 30 1
 15 31 1
 15 32 1
 15 34 1
 15 36 1
 15 39 1
 15 40 1
 16 2 1
 16 3 1
 16 4 1
 16 7 1
 16 9 1
 16 17 1
 16 18 1
 16 19 1
 16 20 1
 16 22 1
 16 23 1
 16 24 1
 16 25 1
 16 26 1
 16 28 1
 16 29 1
 16 30 1
 16 32 1
 16 33 1
 16 34 1
 16 35 1
 16 36 1
 16 38 1
 16 39 1
 16 40 1
 17 2 1
 17 3 1
 17 5 1
 17 7 1
 17 8 1
 17 9 1
 17 10 1
 17 12 1
 17 15 1
 17 18 1
 17 20 1
 17 21 1
 17 24 1
 17 25 1
 17 27 1
 17 29 1
 17 30 1
 17 31 1
 17 32 1
 17 34 1
 17 35 1
 17 36 1
 17 40 1
 18 1 1
 18 3 1
 18 4 1
 18 6 1
 18 8 1
 18 9 1
 18 11 1
 18 13 1
 18 14 1
 18 15 1
 18 16 1
 18 19 1
 18 20 1
 18 21 1
 18 22 1
 18 23 1
 18 24 1
 18 26 1
 18 29 1
 18 31 1
 18 32 1
 18 37 1
 18 38 1
 19 1 1
 19 3 1
 19 7 1
 19 9 1
 19 11 1
 19 12 1
 19 14 1
 19 15 1
 19 16 1
 19 18 1
 19 20 1
 19 21 1
 19 22 1
 19 24 1
 19 27 1
 19 28 1
 19 29 1
 19 30 1
 19 31 1
 19 32 1
 19 33 1
 19 35 1
 19 37 1
 19 38 1
 19 39 1
 19 40 1
 20 2 1
 20 3 1
 20 4 1
 20 5 1
 20 7 1
 20 8 1
 20 11 1
 20 13 1
 20 14 1
 20 17 1
 20 22 1
 20 24 1
 20 26 1
 20 30 1
 20 32 1
 20 34 1
 20 35 1
 20 36 1
 20 37 1
 20 39 1
 20 40 1
 21 3 1
 21 4 1
 21 5 1
 21 6 1
 21 7 1
 21 8 1
 21 9 1
 21 11 1
 21 17 1
 21 20 1
 21 22 1
 21 25 1
 21 27 1
 21 28 1
 21 29 1
 21 30 1
 21 32 1
 21 35 1
 21 36 1
 21 37 1
 21 38 1
 21 39 1
 21 40 1
 22 1 1
 22 5 1
 22 6 1
 22 8 1
 22 11 1
 22 12 1
 22 17 1
 22 18 1
 22 19 1
 22 20 1
 22 23 1
 22 25 1
 22 28 1
 22 29 1
 22 30 1
 22 33 1
 22 34 1
 22 35 1
 22 36 1
 22 37 1
 22 39 1
 23 1 1
 23 2 1
 23 3 1
 23 5 1
 23 6 1
 23 9 1
 23 11 1
 23 12 1
 23 13 1
 23 14 1
 23 16 1
 23 17 1
 23 18 1
 23 19 1
 23 20 1
 23 21 1
 23 22 1
 23 24 1
 23 25 1
 23 26 1
 23 27 1
 23 31 1
 23 32 1
 23 33 1
 23 34 1
 23 35 1
 23 36 1
 23 37 1
 24 1 1
 24 2 1
 24 3 1
 24 5 1
 24 6 1
 24 7 1
 24 9 1
 24 10 1
 24 13 1
 24 14 1
 24 15 1
 24 19 1
 24 21 1
 24 23 1
 24 25 1
 24 26 1
 24 29 1
 24 30 1
 24 31 1
 24 32 1
 24 33 1
 24 34 1
 24 36 1
 24 37 1
 24 38 1
 25 1 1
 25 2 1
 25 3 1
 25 4 1
 25 5 1
 25 6 1
 25 8 1
 25 9 1
 25 10 1
 25 11 1
 25 12 1
 25 13 1
 25 14 1
 25 15 1
 25 18 1
 25 19 1
 25 20 1
 25 23 1
 25 24 1
 25 26 1
 25 27 1
 25 28 1
 25 29 1
 25 31 1
 25 34 1
 25 35 1
 25 37 1
 25 38 1
 25 39 1
 26 2 1
 26 3 1
 26 6 1
 26 7 1
 26 8 1
 26 10 1
 26 13 1
 26 15 1
 26 17 1
 26 20 1
 26 25 1
 26 27 1
 26 28 1
 26 30 1
 26 31 1
 26 33 1
 26 34 1
 26 37 1
 26 39 1
 27 1 1
 27 2 1
 27 3 1
 27 4 1
 27 6 1
 27 7 1
 27 8 1
 27 10 1
 27 14 1
 27 19 1
 27 20 1
 27 23 1
 27 24 1
 27 25 1
 27 29 1
 27 33 1
 27 36 1
 27 37 1
 27 38 1
 27 40 1
 28 1 1
 28 3 1
 28 4 1
 28 5 1
 28 6 1
 28 7 1
 28 8 1
 28 10 1
 28 12 1
 28 14 1
 28 17 1
 28 18 1
 28 21 1
 28 22 1
 28 23 1
 28 24 1
 28 25 1
 28 27 1
 28 31 1
 28 32 1
 28 33 1
 28 35 1
 28 36 1
 28 37 1
 28 38 1
 28 39 1
 29 2 1
 29 4 1
 29 8 1
 29 9 1
 29 10 1
 29 13 1
 29 14 1
 29 16 1
 29 18 1
 29 19 1
 29 24 1
 29 28 1
 29 30 1
 29 32 1
 29 33 1
 29 35 1
 29 38 1
 30 1 1
 30 2 1
 30 3 1
 30 4 1
 30 5 1
 30 6 1
 30 7 1
 30 8 1
 30 9 1
 30 10 1
 30 11 1
 30 12 1
 30 14 1
 30 15 1
 30 19 1
 30 20 1
 30 22 1
 30 23 1
 30 24 1
 30 25 1
 30 26 1
 30 28 1
 30 31 1
 30 32 1
 30 35 1
 30 37 1
 30 38 1
 30 39 1
 31 3 1
 31 5 1
 31 6 1
 31 7 1
 31 8 1
 31 9 1
 31 12 1
 31 13 1
 31 14 1
 31 15 1
 31 16 1
 31 17 1
 31 21 1
 31 22 1
 31 25 1
 31 26 1
 31 28 1
 31 29 1
 31 30 1
 31 32 1
 31 34 1
 31 35 1
 31 39 1
 31 40 1
 32 2 1
 32 3 1
 32 8 1
 32 10 1
 32 11 1
 32 14 1
 32 16 1
 32 19 1
 32 20 1
 32 22 1
 32 23 1
 32 24 1
 32 26 1
 32 27 1
 32 30 1
 32 34 1
 32 35 1
 32 36 1
 32 38 1
 33 2 1
 33 3 1
 33 6 1
 33 7 1
 33 9 1
 33 10 1
 33 11 1
 33 12 1
 33 13 1
 33 14 1
 33 15 1
 33 18 1
 33 19 1
 33 20 1
 33 22 1
 33 24 1
 33 26 1
 33 28 1
 33 31 1
 33 37 1
 33 38 1
 33 40 1
 34 1 1
 34 2 1
 34 8 1
 34 9 1
 34 12 1
 34 15 1
 34 20 1
 34 22 1
 34 23 1
 34 24 1
 34 25 1
 34 26 1
 34 27 1
 34 28 1
 34 30 1
 34 31 1
 34 33 1
 34 35 1
 34 36 1
 34 37 1
 34 39 1
 34 40 1
 35 2 1
 35 3 1
 35 4 1
 35 5 1
 35 6 1
 35 7 1
 35 9 1
 35 11 1
 35 13 1
 35 14 1
 35 15 1
 35 16 1
 35 19 1
 35 20 1
 35 21 1
 35 24 1
 35 25 1
 35 26 1
 35 27 1
 35 28 1
 35 29 1
 35 31 1
 35 32 1
 35 33 1
 35 34 1
 35 37 1
 35 38 1
 35 40 1
 36 2 1
 36 3 1
 36 4 1
 36 7 1
 36 9 1
 36 10 1
 36 11 1
 36 13 1
 36 16 1
 36 17 1
 36 18 1
 36 20 1
 36 21 1
 36 22 1
 36 23 1
 36 24 1
 36 25 1
 36 26 1
 36 30 1
 36 33 1
 36 34 1
 36 37 1
 36 38 1
 36 40 1
 37 3 1
 37 5 1
 37 6 1
 37 7 1
 37 11 1
 37 13 1
 37 14 1
 37 16 1
 37 17 1
 37 18 1
 37 20 1
 37 21 1
 37 22 1
 37 24 1
 37 26 1
 37 27 1
 37 29 1
 37 30 1
 37 31 1
 37 38 1
 37 39 1
 38 2 1
 38 3 1
 38 4 1
 38 5 1
 38 6 1
 38 10 1
 38 11 1
 38 13 1
 38 14 1
 38 16 1
 38 17 1
 38 20 1
 38 22 1
 38 25 1
 38 26 1
 38 27 1
 38 29 1
 38 31 1
 38 33 1
 38 34 1
 38 35 1
 38 36 1
 38 37 1
 38 40 1
 39 1 1
 39 5 1
 39 6 1
 39 7 1
 39 8 1
 39 10 1
 39 14 1
 39 16 1
 39 17 1
 39 18 1
 39 19 1
 39 21 1
 39 22 1
 39 25 1
 39 28 1
 39 30 1
 39 33 1
 39 34 1
 39 37 1
 39 40 1
 40 2 1
 40 7 1
 40 8 1
 40 10 1
 40 11 1
 40 12 1
 40 13 1
 40 14 1
 40 19 1
 40 20 1
 40 21 1
 40 24 1
 40 25 1
 40 26 1
 40 28 1
 40 29 1
 40 30 1
 40 35 1
 40 36 1
 40 37 1
 40 38 1


