# Created by Octave 4.2.2, Mon Dec 13 20:30:41 2021 CST <lqg@qiguanglin-LC1>
# name: Map
# type: matrix
# rows: 1437
# columns: 3
 1 3 1
 1 4 1
 1 7 1
 1 8 1
 1 9 1
 1 11 1
 1 12 1
 1 13 1
 1 16 1
 1 19 1
 1 20 1
 1 21 1
 1 22 1
 1 23 1
 1 24 1
 1 25 1
 1 27 1
 1 30 1
 1 31 1
 1 33 1
 1 34 1
 1 37 1
 1 39 1
 1 41 1
 1 42 1
 1 43 1
 1 45 1
 1 46 1
 1 47 1
 1 48 1
 2 3 1
 2 6 1
 2 7 1
 2 9 1
 2 10 1
 2 11 1
 2 12 1
 2 14 1
 2 16 1
 2 17 1
 2 18 1
 2 19 1
 2 20 1
 2 21 1
 2 23 1
 2 24 1
 2 26 1
 2 27 1
 2 28 1
 2 29 1
 2 30 1
 2 32 1
 2 33 1
 2 34 1
 2 38 1
 2 39 1
 2 40 1
 2 41 1
 2 42 1
 2 43 1
 2 44 1
 2 45 1
 2 46 1
 2 49 1
 3 1 1
 3 5 1
 3 6 1
 3 8 1
 3 9 1
 3 10 1
 3 13 1
 3 14 1
 3 16 1
 3 20 1
 3 22 1
 3 23 1
 3 24 1
 3 25 1
 3 26 1
 3 27 1
 3 28 1
 3 29 1
 3 30 1
 3 31 1
 3 32 1
 3 35 1
 3 37 1
 3 39 1
 3 42 1
 3 43 1
 3 44 1
 3 45 1
 3 46 1
 3 47 1
 3 48 1
 3 49 1
 3 50 1
 4 1 1
 4 2 1
 4 3 1
 4 5 1
 4 7 1
 4 9 1
 4 10 1
 4 13 1
 4 14 1
 4 15 1
 4 16 1
 4 17 1
 4 18 1
 4 21 1
 4 22 1
 4 23 1
 4 24 1
 4 25 1
 4 27 1
 4 29 1
 4 32 1
 4 33 1
 4 34 1
 4 35 1
 4 36 1
 4 37 1
 4 38 1
 4 39 1
 4 40 1
 4 44 1
 4 46 1
 4 47 1
 4 48 1
 4 49 1
 5 1 1
 5 2 1
 5 4 1
 5 6 1
 5 7 1
 5 8 1
 5 9 1
 5 11 1
 5 13 1
 5 15 1
 5 16 1
 5 17 1
 5 19 1
 5 22 1
 5 23 1
 5 24 1
 5 25 1
 5 26 1
 5 28 1
 5 29 1
 5 30 1
 5 31 1
 5 32 1
 5 33 1
 5 36 1
 5 37 1
 5 39 1
 5 40 1
 5 42 1
 5 43 1
 5 45 1
 5 47 1
 5 48 1
 6 1 1
 6 2 1
 6 5 1
 6 7 1
 6 11 1
 6 13 1
 6 15 1
 6 16 1
 6 17 1
 6 18 1
 6 19 1
 6 20 1
 6 21 1
 6 22 1
 6 24 1
 6 25 1
 6 26 1
 6 28 1
 6 31 1
 6 32 1
 6 33 1
 6 35 1
 6 36 1
 6 37 1
 6 38 1
 6 39 1
 6 41 1
 6 43 1
 6 44 1
 6 45 1
 6 48 1
 7 1 1
 7 4 1
 7 6 1
 7 12 1
 7 15 1
 7 19 1
 7 20 1
 7 21 1
 7 22 1
 7 23 1
 7 25 1
 7 26 1
 7 28 1
 7 29 1
 7 30 1
 7 31 1
 7 32 1
 7 33 1
 7 34 1
 7 36 1
 7 37 1
 7 38 1
 7 41 1
 7 44 1
 7 45 1
 7 46 1
 7 49 1
 7 50 1
 8 1 1
 8 3 1
 8 11 1
 8 12 1
 8 13 1
 8 18 1
 8 20 1
 8 21 1
 8 23 1
 8 24 1
 8 28 1
 8 30 1
 8 31 1
 8 32 1
 8 36 1
 8 38 1
 8 42 1
 8 43 1
 8 45 1
 8 46 1
 8 47 1
 8 48 1
 8 49 1
 8 50 1
 9 2 1
 9 3 1
 9 4 1
 9 5 1
 9 6 1
 9 8 1
 9 10 1
 9 11 1
 9 12 1
 9 14 1
 9 18 1
 9 19 1
 9 20 1
 9 21 1
 9 22 1
 9 27 1
 9 30 1
 9 32 1
 9 36 1
 9 39 1
 9 40 1
 9 42 1
 9 43 1
 9 44 1
 9 46 1
 9 48 1
 9 49 1
 10 1 1
 10 2 1
 10 4 1
 10 5 1
 10 6 1
 10 7 1
 10 9 1
 10 11 1
 10 14 1
 10 15 1
 10 16 1
 10 18 1
 10 19 1
 10 22 1
 10 23 1
 10 26 1
 10 27 1
 10 28 1
 10 31 1
 10 33 1
 10 34 1
 10 35 1
 10 37 1
 10 43 1
 10 45 1
 10 47 1
 10 48 1
 11 1 1
 11 2 1
 11 4 1
 11 5 1
 11 7 1
 11 8 1
 11 9 1
 11 10 1
 11 15 1
 11 16 1
 11 18 1
 11 19 1
 11 21 1
 11 22 1
 11 24 1
 11 30 1
 11 31 1
 11 32 1
 11 33 1
 11 36 1
 11 37 1
 11 38 1
 11 41 1
 11 42 1
 11 43 1
 11 44 1
 11 45 1
 11 47 1
 11 48 1
 11 50 1
 12 1 1
 12 2 1
 12 3 1
 12 8 1
 12 11 1
 12 16 1
 12 21 1
 12 22 1
 12 25 1
 12 26 1
 12 29 1
 12 31 1
 12 32 1
 12 33 1
 12 34 1
 12 35 1
 12 37 1
 12 38 1
 12 39 1
 12 40 1
 12 43 1
 12 44 1
 12 46 1
 12 47 1
 12 49 1
 13 2 1
 13 3 1
 13 5 1
 13 6 1
 13 7 1
 13 9 1
 13 14 1
 13 15 1
 13 16 1
 13 19 1
 13 20 1
 13 21 1
 13 22 1
 13 23 1
 13 25 1
 13 26 1
 13 27 1
 13 28 1
 13 29 1
 13 32 1
 13 33 1
 13 37 1
 13 38 1
 13 39 1
 13 40 1
 13 41 1
 13 42 1
 13 43 1
 13 44 1
 13 45 1
 13 47 1
 13 49 1
 13 50 1
 14 1 1
 14 2 1
 14 4 1
 14 5 1
 14 6 1
 14 9 1
 14 10 1
 14 12 1
 14 17 1
 14 20 1
 14 24 1
 14 26 1
 14 28 1
 14 29 1
 14 30 1
 14 31 1
 14 32 1
 14 36 1
 14 37 1
 14 38 1
 14 44 1
 14 47 1
 14 48 1
 14 49 1
 14 50 1
 15 1 1
 15 2 1
 15 3 1
 15 6 1
 15 8 1
 15 9 1
 15 12 1
 15 13 1
 15 16 1
 15 17 1
 15 20 1
 15 21 1
 15 23 1
 15 25 1
 15 26 1
 15 29 1
 15 32 1
 15 36 1
 15 37 1
 15 38 1
 15 39 1
 15 44 1
 15 45 1
 15 48 1
 15 50 1
 16 1 1
 16 2 1
 16 3 1
 16 4 1
 16 5 1
 16 7 1
 16 8 1
 16 9 1
 16 10 1
 16 11 1
 16 12 1
 16 13 1
 16 14 1
 16 15 1
 16 17 1
 16 20 1
 16 21 1
 16 23 1
 16 24 1
 16 26 1
 16 28 1
 16 29 1
 16 30 1
 16 31 1
 16 33 1
 16 36 1
 16 38 1
 16 40 1
 16 41 1
 16 43 1
 16 50 1
 17 1 1
 17 2 1
 17 5 1
 17 6 1
 17 7 1
 17 18 1
 17 19 1
 17 21 1
 17 22 1
 17 23 1
 17 24 1
 17 25 1
 17 26 1
 17 30 1
 17 31 1
 17 32 1
 17 33 1
 17 35 1
 17 36 1
 17 37 1
 17 38 1
 17 40 1
 17 41 1
 17 42 1
 17 43 1
 17 44 1
 17 45 1
 17 46 1
 17 47 1
 18 1 1
 18 5 1
 18 6 1
 18 8 1
 18 9 1
 18 11 1
 18 12 1
 18 14 1
 18 19 1
 18 20 1
 18 23 1
 18 24 1
 18 27 1
 18 28 1
 18 29 1
 18 30 1
 18 31 1
 18 32 1
 18 34 1
 18 37 1
 18 40 1
 18 42 1
 18 44 1
 18 45 1
 18 46 1
 18 47 1
 18 49 1
 19 2 1
 19 3 1
 19 4 1
 19 6 1
 19 7 1
 19 8 1
 19 9 1
 19 10 1
 19 11 1
 19 12 1
 19 13 1
 19 15 1
 19 16 1
 19 17 1
 19 18 1
 19 20 1
 19 21 1
 19 22 1
 19 23 1
 19 25 1
 19 28 1
 19 29 1
 19 30 1
 19 31 1
 19 32 1
 19 33 1
 19 36 1
 19 38 1
 19 39 1
 19 40 1
 19 41 1
 19 42 1
 19 44 1
 19 49 1
 19 50 1
 20 4 1
 20 9 1
 20 11 1
 20 13 1
 20 14 1
 20 15 1
 20 16 1
 20 17 1
 20 19 1
 20 22 1
 20 28 1
 20 29 1
 20 30 1
 20 34 1
 20 35 1
 20 37 1
 20 38 1
 20 39 1
 20 41 1
 20 42 1
 20 46 1
 20 47 1
 20 48 1
 20 49 1
 20 50 1
 21 2 1
 21 4 1
 21 6 1
 21 11 1
 21 12 1
 21 16 1
 21 18 1
 21 19 1
 21 22 1
 21 24 1
 21 25 1
 21 26 1
 21 27 1
 21 28 1
 21 29 1
 21 30 1
 21 31 1
 21 32 1
 21 34 1
 21 36 1
 21 38 1
 21 39 1
 21 43 1
 21 44 1
 21 46 1
 21 49 1
 21 50 1
 22 2 1
 22 4 1
 22 5 1
 22 8 1
 22 9 1
 22 10 1
 22 11 1
 22 12 1
 22 13 1
 22 14 1
 22 16 1
 22 17 1
 22 19 1
 22 20 1
 22 23 1
 22 26 1
 22 28 1
 22 29 1
 22 32 1
 22 34 1
 22 35 1
 22 37 1
 22 40 1
 22 41 1
 22 44 1
 22 48 1
 22 49 1
 23 1 1
 23 3 1
 23 5 1
 23 6 1
 23 10 1
 23 11 1
 23 12 1
 23 14 1
 23 17 1
 23 19 1
 23 20 1
 23 21 1
 23 22 1
 23 24 1
 23 26 1
 23 27 1
 23 28 1
 23 30 1
 23 31 1
 23 33 1
 23 34 1
 23 35 1
 23 36 1
 23 38 1
 23 39 1
 23 40 1
 23 41 1
 23 43 1
 23 45 1
 23 46 1
 23 47 1
 23 48 1
 23 50 1
 24 1 1
 24 2 1
 24 7 1
 24 11 1
 24 12 1
 24 14 1
 24 15 1
 24 19 1
 24 21 1
 24 22 1
 24 23 1
 24 29 1
 24 30 1
 24 31 1
 24 35 1
 24 37 1
 24 40 1
 24 41 1
 24 42 1
 24 43 1
 24 44 1
 24 46 1
 24 47 1
 24 48 1
 24 50 1
 25 1 1
 25 2 1
 25 6 1
 25 8 1
 25 9 1
 25 10 1
 25 11 1
 25 13 1
 25 14 1
 25 15 1
 25 16 1
 25 18 1
 25 19 1
 25 21 1
 25 22 1
 25 24 1
 25 26 1
 25 27 1
 25 28 1
 25 29 1
 25 31 1
 25 33 1
 25 34 1
 25 35 1
 25 37 1
 25 42 1
 25 44 1
 25 47 1
 26 1 1
 26 2 1
 26 4 1
 26 5 1
 26 6 1
 26 11 1
 26 12 1
 26 15 1
 26 17 1
 26 18 1
 26 19 1
 26 22 1
 26 29 1
 26 31 1
 26 32 1
 26 33 1
 26 34 1
 26 36 1
 26 37 1
 26 38 1
 26 39 1
 26 40 1
 26 41 1
 26 42 1
 26 43 1
 26 45 1
 26 48 1
 27 1 1
 27 2 1
 27 3 1
 27 4 1
 27 5 1
 27 6 1
 27 7 1
 27 8 1
 27 11 1
 27 12 1
 27 14 1
 27 16 1
 27 17 1
 27 19 1
 27 20 1
 27 22 1
 27 23 1
 27 24 1
 27 25 1
 27 28 1
 27 29 1
 27 30 1
 27 31 1
 27 32 1
 27 36 1
 27 37 1
 27 38 1
 27 39 1
 27 40 1
 27 44 1
 27 47 1
 27 48 1
 27 50 1
 28 1 1
 28 3 1
 28 4 1
 28 5 1
 28 8 1
 28 10 1
 28 12 1
 28 13 1
 28 15 1
 28 17 1
 28 20 1
 28 23 1
 28 25 1
 28 26 1
 28 31 1
 28 33 1
 28 34 1
 28 38 1
 28 39 1
 28 41 1
 28 42 1
 28 43 1
 28 44 1
 28 45 1
 28 46 1
 28 47 1
 28 50 1
 29 1 1
 29 2 1
 29 3 1
 29 4 1
 29 5 1
 29 7 1
 29 8 1
 29 10 1
 29 11 1
 29 12 1
 29 13 1
 29 14 1
 29 15 1
 29 16 1
 29 18 1
 29 19 1
 29 22 1
 29 24 1
 29 25 1
 29 26 1
 29 27 1
 29 33 1
 29 34 1
 29 35 1
 29 36 1
 29 39 1
 29 41 1
 29 44 1
 29 46 1
 29 47 1
 29 48 1
 29 49 1
 29 50 1
 30 1 1
 30 2 1
 30 3 1
 30 5 1
 30 6 1
 30 9 1
 30 10 1
 30 12 1
 30 14 1
 30 15 1
 30 16 1
 30 17 1
 30 18 1
 30 19 1
 30 20 1
 30 21 1
 30 23 1
 30 24 1
 30 25 1
 30 26 1
 30 27 1
 30 28 1
 30 32 1
 30 33 1
 30 34 1
 30 35 1
 30 36 1
 30 37 1
 30 38 1
 30 41 1
 30 43 1
 30 44 1
 30 45 1
 31 1 1
 31 2 1
 31 3 1
 31 9 1
 31 10 1
 31 11 1
 31 13 1
 31 14 1
 31 16 1
 31 17 1
 31 18 1
 31 22 1
 31 25 1
 31 26 1
 31 27 1
 31 28 1
 31 29 1
 31 32 1
 31 35 1
 31 36 1
 31 37 1
 31 39 1
 31 40 1
 31 42 1
 31 44 1
 31 47 1
 31 48 1
 31 49 1
 32 1 1
 32 2 1
 32 4 1
 32 7 1
 32 10 1
 32 11 1
 32 12 1
 32 13 1
 32 14 1
 32 16 1
 32 17 1
 32 19 1
 32 20 1
 32 22 1
 32 24 1
 32 26 1
