# Created by Octave 4.2.2, Mon Dec 13 20:30:45 2021 CST <lqg@qiguanglin-LC1>
# name: Map
# type: matrix
# rows: 1481
# columns: 3
 1 2 1
 1 3 1
 1 7 1
 1 11 1
 1 13 1
 1 15 1
 1 16 1
 1 17 1
 1 20 1
 1 21 1
 1 25 1
 1 27 1
 1 28 1
 1 30 1
 1 35 1
 1 38 1
 1 39 1
 1 40 1
 1 41 1
 1 42 1
 1 44 1
 1 46 1
 1 47 1
 1 48 1
 1 49 1
 1 50 1
 2 3 1
 2 7 1
 2 9 1
 2 10 1
 2 11 1
 2 12 1
 2 13 1
 2 15 1
 2 16 1
 2 18 1
 2 19 1
 2 20 1
 2 21 1
 2 23 1
 2 24 1
 2 25 1
 2 26 1
 2 27 1
 2 28 1
 2 30 1
 2 32 1
 2 33 1
 2 34 1
 2 36 1
 2 38 1
 2 41 1
 2 42 1
 2 43 1
 2 44 1
 2 45 1
 2 48 1
 2 49 1
 2 50 1
 3 2 1
 3 4 1
 3 5 1
 3 6 1
 3 9 1
 3 12 1
 3 14 1
 3 15 1
 3 16 1
 3 17 1
 3 20 1
 3 21 1
 3 22 1
 3 24 1
 3 26 1
 3 27 1
 3 28 1
 3 29 1
 3 31 1
 3 33 1
 3 34 1
 3 37 1
 3 39 1
 3 41 1
 3 44 1
 3 45 1
 3 46 1
 3 48 1
 3 49 1
 4 1 1
 4 5 1
 4 6 1
 4 7 1
 4 9 1
 4 10 1
 4 11 1
 4 13 1
 4 14 1
 4 15 1
 4 17 1
 4 18 1
 4 19 1
 4 21 1
 4 22 1
 4 23 1
 4 24 1
 4 26 1
 4 29 1
 4 30 1
 4 31 1
 4 33 1
 4 34 1
 4 35 1
 4 38 1
 4 39 1
 4 40 1
 4 41 1
 4 42 1
 4 44 1
 4 45 1
 4 46 1
 4 49 1
 4 50 1
 5 1 1
 5 3 1
 5 4 1
 5 6 1
 5 7 1
 5 8 1
 5 10 1
 5 11 1
 5 13 1
 5 14 1
 5 15 1
 5 18 1
 5 19 1
 5 20 1
 5 25 1
 5 30 1
 5 32 1
 5 33 1
 5 34 1
 5 35 1
 5 36 1
 5 38 1
 5 40 1
 5 42 1
 5 50 1
 6 1 1
 6 2 1
 6 4 1
 6 8 1
 6 10 1
 6 13 1
 6 16 1
 6 17 1
 6 18 1
 6 19 1
 6 20 1
 6 21 1
 6 22 1
 6 24 1
 6 27 1
 6 30 1
 6 31 1
 6 32 1
 6 33 1
 6 35 1
 6 36 1
 6 37 1
 6 38 1
 6 39 1
 6 40 1
 6 42 1
 6 43 1
 6 44 1
 6 46 1
 6 47 1
 6 48 1
 6 50 1
 7 1 1
 7 4 1
 7 5 1
 7 8 1
 7 10 1
 7 11 1
 7 12 1
 7 14 1
 7 15 1
 7 20 1
 7 21 1
 7 24 1
 7 25 1
 7 26 1
 7 27 1
 7 28 1
 7 34 1
 7 35 1
 7 40 1
 7 42 1
 7 44 1
 7 45 1
 7 46 1
 7 47 1
 7 48 1
 7 49 1
 7 50 1
 8 3 1
 8 7 1
 8 9 1
 8 10 1
 8 12 1
 8 14 1
 8 17 1
 8 19 1
 8 21 1
 8 23 1
 8 26 1
 8 28 1
 8 29 1
 8 33 1
 8 35 1
 8 37 1
 8 38 1
 8 39 1
 8 40 1
 8 41 1
 8 42 1
 8 43 1
 8 45 1
 8 46 1
 8 48 1
 8 49 1
 9 1 1
 9 2 1
 9 3 1
 9 5 1
 9 8 1
 9 11 1
 9 13 1
 9 15 1
 9 16 1
 9 18 1
 9 21 1
 9 22 1
 9 23 1
 9 24 1
 9 25 1
 9 26 1
 9 27 1
 9 28 1
 9 29 1
 9 32 1
 9 33 1
 9 35 1
 9 38 1
 9 39 1
 9 40 1
 9 42 1
 9 43 1
 9 45 1
 9 46 1
 9 49 1
 10 3 1
 10 4 1
 10 6 1
 10 7 1
 10 11 1
 10 13 1
 10 14 1
 10 15 1
 10 17 1
 10 18 1
 10 21 1
 10 22 1
 10 23 1
 10 25 1
 10 27 1
 10 28 1
 10 30 1
 10 33 1
 10 35 1
 10 36 1
 10 37 1
 10 40 1
 10 41 1
 10 42 1
 10 43 1
 10 44 1
 10 45 1
 10 48 1
 10 49 1
 11 1 1
 11 7 1
 11 9 1
 11 10 1
 11 12 1
 11 13 1
 11 16 1
 11 18 1
 11 20 1
 11 22 1
 11 23 1
 11 24 1
 11 25 1
 11 26 1
 11 28 1
 11 29 1
 11 32 1
 11 33 1
 11 34 1
 11 37 1
 11 39 1
 11 40 1
 11 41 1
 11 42 1
 11 44 1
 11 45 1
 11 47 1
 11 48 1
 11 49 1
 12 1 1
 12 3 1
 12 6 1
 12 7 1
 12 8 1
 12 9 1
 12 10 1
 12 11 1
 12 13 1
 12 14 1
 12 16 1
 12 17 1
 12 19 1
 12 21 1
 12 23 1
 12 25 1
 12 26 1
 12 28 1
 12 30 1
 12 33 1
 12 35 1
 12 36 1
 12 37 1
 12 39 1
 12 40 1
 12 42 1
 12 44 1
 12 46 1
 12 49 1
 13 1 1
 13 3 1
 13 5 1
 13 9 1
 13 11 1
 13 12 1
 13 14 1
 13 15 1
 13 16 1
 13 19 1
 13 20 1
 13 22 1
 13 24 1
 13 28 1
 13 29 1
 13 31 1
 13 32 1
 13 33 1
 13 35 1
 13 36 1
 13 37 1
 13 38 1
 13 40 1
 13 42 1
 13 43 1
 13 44 1
 13 45 1
 13 47 1
 13 49 1
 14 1 1
 14 3 1
 14 7 1
 14 9 1
 14 10 1
 14 11 1
 14 12 1
 14 13 1
 14 15 1
 14 18 1
 14 20 1
 14 21 1
 14 22 1
 14 23 1
 14 25 1
 14 26 1
 14 27 1
 14 28 1
 14 29 1
 14 30 1
 14 31 1
 14 33 1
 14 35 1
 14 36 1
 14 41 1
 14 42 1
 14 44 1
 14 45 1
 14 46 1
 14 47 1
 14 48 1
 14 49 1
 14 50 1
 15 2 1
 15 5 1
 15 6 1
 15 8 1
 15 9 1
 15 10 1
 15 11 1
 15 13 1
 15 17 1
 15 20 1
 15 22 1
 15 23 1
 15 26 1
 15 30 1
 15 31 1
 15 32 1
 15 33 1
 15 35 1
 15 36 1
 15 38 1
 15 39 1
 15 40 1
 15 43 1
 15 44 1
 15 45 1
 15 46 1
 15 47 1
 15 50 1
 16 1 1
 16 2 1
 16 4 1
 16 5 1
 16 6 1
 16 9 1
 16 10 1
 16 11 1
 16 12 1
 16 13 1
 16 14 1
 16 15 1
 16 20 1
 16 21 1
 16 24 1
 16 25 1
 16 26 1
 16 27 1
 16 28 1
 16 31 1
 16 32 1
 16 33 1
 16 35 1
 16 36 1
 16 37 1
 16 38 1
 16 39 1
 16 41 1
 16 42 1
 16 47 1
 16 49 1
 16 50 1
 17 1 1
 17 2 1
 17 3 1
 17 4 1
 17 5 1
 17 6 1
 17 7 1
 17 8 1
 17 11 1
 17 12 1
 17 16 1
 17 18 1
 17 19 1
 17 20 1
 17 22 1
 17 23 1
 17 24 1
 17 26 1
 17 28 1
 17 29 1
 17 31 1
 17 34 1
 17 39 1
 17 42 1
 17 44 1
 17 50 1
 18 1 1
 18 2 1
 18 4 1
 18 5 1
 18 8 1
 18 9 1
 18 11 1
 18 12 1
 18 13 1
 18 15 1
 18 16 1
 18 17 1
 18 19 1
 18 21 1
 18 22 1
 18 24 1
 18 25 1
 18 26 1
 18 27 1
 18 28 1
 18 29 1
 18 32 1
 18 34 1
 18 35 1
 18 36 1
 18 39 1
 18 41 1
 18 42 1
 18 43 1
 18 44 1
 18 45 1
 18 47 1
 18 48 1
 18 49 1
 18 50 1
 19 1 1
 19 3 1
 19 7 1
 19 8 1
 19 10 1
 19 11 1
 19 12 1
 19 13 1
 19 14 1
 19 16 1
 19 17 1
 19 20 1
 19 21 1
 19 22 1
 19 24 1
 19 25 1
 19 26 1
 19 28 1
 19 31 1
 19 32 1
 19 34 1
 19 35 1
 19 36 1
 19 37 1
 19 41 1
 19 43 1
 19 44 1
 19 45 1
 19 49 1
 20 2 1
 20 3 1
 20 4 1
 20 5 1
 20 7 1
 20 8 1
 20 9 1
 20 12 1
 20 14 1
 20 16 1
 20 17 1
 20 18 1
 20 19 1
 20 25 1
 20 28 1
 20 30 1
 20 31 1
 20 33 1
 20 34 1
 20 35 1
 20 37 1
 20 40 1
 20 41 1
 20 42 1
 20 45 1
 20 46 1
 20 47 1
 20 49 1
 20 50 1
 21 1 1
 21 3 1
 21 4 1
 21 6 1
 21 7 1
 21 9 1
 21 10 1
 21 13 1
 21 14 1
 21 18 1
 21 19 1
 21 20 1
 21 23 1
 21 24 1
 21 25 1
 21 26 1
 21 28 1
 21 30 1
 21 32 1
 21 34 1
 21 35 1
 21 37 1
 21 38 1
 21 41 1
 21 42 1
 21 43 1
 21 45 1
 21 47 1
 21 48 1
 21 49 1
 22 2 1
 22 6 1
 22 7 1
 22 9 1
 22 11 1
 22 12 1
 22 15 1
 22 16 1
 22 18 1
 22 19 1
 22 23 1
 22 25 1
 22 26 1
 22 27 1
 22 29 1
 22 31 1
 22 32 1
 22 33 1
 22 34 1
 22 37 1
 22 38 1
 22 40 1
 22 42 1
 22 43 1
 22 47 1
 22 49 1
 22 50 1
 23 1 1
 23 2 1
 23 3 1
 23 4 1
 23 6 1
 23 8 1
 23 10 1
 23 12 1
 23 13 1
 23 16 1
 23 17 1
 23 20 1
 23 21 1
 23 25 1
 23 26 1
 23 27 1
 23 28 1
 23 29 1
 23 32 1
 23 33 1
 23 34 1
 23 35 1
 23 37 1
 23 38 1
 23 39 1
 23 40 1
 23 41 1
 23 44 1
 23 45 1
 23 46 1
 23 47 1
 23 48 1
 23 49 1
 23 50 1
 24 1 1
 24 2 1
 24 5 1
 24 7 1
 24 9 1
 24 10 1
 24 12 1
 24 13 1
 24 14 1
 24 16 1
 24 18 1
 24 19 1
 24 20 1
 24 21 1
 24 26 1
 24 30 1
 24 31 1
 24 32 1
 24 33 1
 24 34 1
 24 36 1
 24 37 1
 24 39 1
 24 40 1
 24 43 1
 24 44 1
 24 45 1
 24 46 1
 24 48 1
 24 50 1
 25 1 1
 25 2 1
 25 3 1
 25 4 1
 25 5 1
 25 7 1
 25 8 1
 25 10 1
 25 11 1
 25 14 1
 25 15 1
 25 17 1
 25 18 1
 25 22 1
 25 23 1
 25 24 1
 25 30 1
 25 31 1
 25 33 1
 25 34 1
 25 35 1
 25 36 1
 25 41 1
 25 43 1
 25 45 1
 25 49 1
 25 50 1
 26 1 1
 26 2 1
 26 3 1
 26 7 1
 26 8 1
 26 10 1
 26 15 1
 26 17 1
 26 18 1
 26 22 1
 26 23 1
 26 27 1
 26 28 1
 26 29 1
 26 30 1
 26 33 1
 26 34 1
 26 36 1
 26 37 1
 26 40 1
 26 41 1
 26 42 1
 26 43 1
 26 44 1
 26 45 1
 26 46 1
 26 49 1
 26 50 1
 27 1 1
 27 2 1
 27 3 1
 27 5 1
 27 6 1
 27 7 1
 27 8 1
 27 10 1
 27 11 1
 27 12 1
 27 15 1
 27 17 1
 27 18 1
 27 19 1
 27 21 1
 27 23 1
 27 24 1
 27 25 1
 27 26 1
 27 31 1
 27 32 1
 27 35 1
 27 36 1
 27 37 1
 27 38 1
 27 39 1
 27 40 1
 27 43 1
 27 44 1
 27 45 1
 27 47 1
 27 50 1
 28 2 1
 28 3 1
 28 5 1
 28 7 1
 28 8 1
 28 10 1
 28 11 1
 28 12 1
 28 15 1
 28 16 1
 28 17 1
 28 18 1
 28 20 1
 28 22 1
 28 23 1
 28 24 1
 28 25 1
 28 29 1
 28 33 1
 28 36 1
 28 38 1
 28 40 1
 28 41 1
 28 42 1
 28 43 1
 28 44 1
 28 45 1
 28 46 1
 28 48 1
 28 50 1
 29 2 1
 29 3 1
 29 5 1
 29 6 1
 29 7 1
 29 8 1
 29 10 1
 29 13 1
 29 14 1
 29 15 1
 29 17 1
 29 18 1
 29 20 1
 29 21 1
 29 22 1
 29 23 1
 29 24 1
 29 27 1
 29 30 1
 29 33 1
 29 34 1
 29 35 1
 29 36 1
 29 37 1
 29 42 1
 29 43 1
 29 44 1
 29 45 1
 29 46 1
 30 3 1
 30 6 1
 30 7 1
 30 8 1
 30 9 1
 30 10 1
 30 11 1
 30 12 1
 30 13 1
 30 14 1
 30 17 1
 30 19 1
 30 20 1
 30 21 1
 30 23 1
 30 24 1
 30 28 1
 30 29 1
 30 31 1
 30 32 1
 30 34 1
 30 37 1
 30 39 1
 30 40 1
 30 43 1
 30 44 1
 30 45 1
 30 46 1
 30 47 1
 30 48 1
 30 49 1
 30 50 1
 31 1 1
 31 3 1
 31 4 1
 31 5 1
 31 6 1
 31 7 1
 31 8 1
 31 9 1
 31 11 1
 31 12 1
 31 15 1
 31 16 1
 31 17 1
 31 18 1
 31 19 1
 31 20 1
 31 23 1
 31 24 1
 31 25 1
 31 26 1
 31 27 1
 31 28 1
 31 29 1
 31 30 1
 31 33 1
 31 34 1
 31 35 1
 31 36 1
 31 38 1
 31 40 1
 31 42 1
 31 44 1
