# Created by Octave 4.2.2, Mon Dec 13 20:30:28 2021 CST <lqg@qiguanglin-LC1>
# name: Map
# type: matrix
# rows: 509
# columns: 3
 1 3 1
 1 4 1
 1 7 1
 1 8 1
 1 11 1
 1 13 1
 1 17 1
 1 18 1
 1 20 1
 1 21 1
 1 23 1
 1 25 1
 1 26 1
 1 28 1
 1 29 1
 1 30 1
 2 1 1
 2 3 1
 2 4 1
 2 5 1
 2 6 1
 2 9 1
 2 15 1
 2 16 1
 2 21 1
 2 22 1
 2 23 1
 2 25 1
 2 27 1
 2 29 1
 2 30 1
 3 1 1
 3 4 1
 3 9 1
 3 10 1
 3 11 1
 3 12 1
 3 14 1
 3 16 1
 3 17 1
 3 19 1
 3 20 1
 3 21 1
 3 22 1
 3 23 1
 3 24 1
 3 27 1
 3 28 1
 4 1 1
 4 2 1
 4 3 1
 4 5 1
 4 7 1
 4 8 1
 4 9 1
 4 11 1
 4 12 1
 4 13 1
 4 14 1
 4 15 1
 4 16 1
 4 18 1
 4 19 1
 4 22 1
 4 23 1
 4 24 1
 4 25 1
 4 28 1
 4 29 1
 5 1 1
 5 4 1
 5 7 1
 5 8 1
 5 9 1
 5 10 1
 5 11 1
 5 12 1
 5 15 1
 5 19 1
 5 21 1
 5 22 1
 5 23 1
 5 24 1
 5 27 1
 5 29 1
 6 2 1
 6 4 1
 6 5 1
 6 8 1
 6 9 1
 6 10 1
 6 13 1
 6 14 1
 6 15 1
 6 16 1
 6 18 1
 6 19 1
 6 21 1
 6 22 1
 6 26 1
 6 28 1
 7 1 1
 7 2 1
 7 3 1
 7 6 1
 7 9 1
 7 11 1
 7 12 1
 7 13 1
 7 14 1
 7 16 1
 7 17 1
 7 18 1
 7 20 1
 7 23 1
 7 24 1
 7 27 1
 7 30 1
 8 1 1
 8 2 1
 8 3 1
 8 4 1
 8 6 1
 8 11 1
 8 12 1
 8 13 1
 8 14 1
 8 15 1
 8 17 1
 8 19 1
 8 20 1
 8 22 1
 8 26 1
 8 27 1
 8 28 1
 8 30 1
 9 1 1
 9 4 1
 9 6 1
 9 8 1
 9 12 1
 9 14 1
 9 17 1
 9 18 1
 9 19 1
 9 20 1
 9 21 1
 9 22 1
 9 24 1
 9 26 1
 9 27 1
 9 28 1
 9 29 1
 9 30 1
 10 4 1
 10 6 1
 10 7 1
 10 8 1
 10 9 1
 10 11 1
 10 12 1
 10 14 1
 10 19 1
 10 21 1
 10 22 1
 10 23 1
 10 25 1
 10 26 1
 10 27 1
 10 28 1
 10 29 1
 11 2 1
 11 7 1
 11 8 1
 11 9 1
 11 10 1
 11 12 1
 11 13 1
 11 14 1
 11 17 1
 11 18 1
 11 19 1
 11 20 1
 11 22 1
 11 24 1
 11 27 1
 11 28 1
 11 30 1
 12 2 1
 12 3 1
 12 5 1
 12 8 1
 12 9 1
 12 11 1
 12 13 1
 12 17 1
 12 18 1
 12 19 1
 12 21 1
 12 22 1
 12 25 1
 12 29 1
 12 30 1
 13 6 1
 13 8 1
 13 9 1
 13 10 1
 13 11 1
 13 14 1
 13 15 1
 13 17 1
 13 20 1
 13 22 1
 13 24 1
 13 28 1
 13 29 1
 14 1 1
 14 2 1
 14 3 1
 14 4 1
 14 6 1
 14 8 1
 14 10 1
 14 11 1
 14 15 1
 14 22 1
 14 27 1
 14 30 1
 15 1 1
 15 4 1
 15 5 1
 15 6 1
 15 7 1
 15 8 1
 15 9 1
 15 10 1
 15 12 1
 15 16 1
 15 17 1
 15 18 1
 15 20 1
 15 21 1
 15 24 1
 15 25 1
 15 26 1
 15 28 1
 15 29 1
 15 30 1
 16 2 1
 16 3 1
 16 7 1
 16 8 1
 16 9 1
 16 10 1
 16 12 1
 16 15 1
 16 18 1
 16 20 1
 16 22 1
 16 25 1
 16 26 1
 16 28 1
 16 30 1
 17 1 1
 17 2 1
 17 4 1
 17 7 1
 17 10 1
 17 12 1
 17 13 1
 17 14 1
 17 16 1
 17 19 1
 17 22 1
 17 24 1
 17 25 1
 17 28 1
 17 29 1
 18 1 1
 18 2 1
 18 3 1
 18 8 1
 18 10 1
 18 12 1
 18 13 1
 18 14 1
 18 17 1
 18 19 1
 18 20 1
 18 21 1
 18 22 1
 18 23 1
 18 24 1
 18 25 1
 18 28 1
 18 29 1
 18 30 1
 19 1 1
 19 2 1
 19 5 1
 19 8 1
 19 9 1
 19 12 1
 19 13 1
 19 14 1
 19 17 1
 19 20 1
 19 21 1
 19 23 1
 19 25 1
 19 27 1
 19 28 1
 19 29 1
 20 1 1
 20 2 1
 20 3 1
 20 4 1
 20 5 1
 20 6 1
 20 7 1
 20 8 1
 20 9 1
 20 10 1
 20 11 1
 20 12 1
 20 13 1
 20 16 1
 20 19 1
 20 22 1
 20 25 1
 20 27 1
 20 29 1
 20 30 1
 21 3 1
 21 4 1
 21 6 1
 21 8 1
 21 9 1
 21 10 1
 21 11 1
 21 13 1
 21 15 1
 21 16 1
 21 17 1
 21 18 1
 21 20 1
 21 22 1
 21 23 1
 21 24 1
 21 25 1
 21 26 1
 21 28 1
 21 29 1
 21 30 1
 22 3 1
 22 6 1
 22 7 1
 22 8 1
 22 9 1
 22 15 1
 22 16 1
 22 17 1
 22 18 1
 22 19 1
 22 20 1
 22 21 1
 22 24 1
 22 26 1
 22 27 1
 22 28 1
 22 29 1
 22 30 1
 23 1 1
 23 3 1
 23 4 1
 23 5 1
 23 7 1
 23 8 1
 23 12 1
 23 13 1
 23 15 1
 23 16 1
 23 17 1
 23 18 1
 23 19 1
 23 20 1
 23 25 1
 23 27 1
 23 28 1
 24 1 1
 24 2 1
 24 3 1
 24 4 1
 24 5 1
 24 9 1
 24 10 1
 24 12 1
 24 13 1
 24 16 1
 24 17 1
 24 19 1
 24 21 1
 24 22 1
 24 25 1
 24 29 1
 25 1 1
 25 3 1
 25 4 1
 25 6 1
 25 7 1
 25 8 1
 25 10 1
 25 11 1
 25 12 1
 25 13 1
 25 17 1
 25 19 1
 25 20 1
 25 21 1
 25 22 1
 25 23 1
 25 26 1
 25 27 1
 25 28 1
 25 29 1
 25 30 1
 26 1 1
 26 3 1
 26 4 1
 26 7 1
 26 8 1
 26 10 1
 26 12 1
 26 15 1
 26 17 1
 26 18 1
 26 19 1
 26 20 1
 26 25 1
 26 28 1
 27 1 1
 27 2 1
 27 3 1
 27 4 1
 27 5 1
 27 6 1
 27 7 1
 27 10 1
 27 11 1
 27 13 1
 27 15 1
 27 16 1
 27 17 1
 27 18 1
 27 20 1
 27 21 1
 27 23 1
 27 24 1
 27 26 1
 27 28 1
 27 29 1
 27 30 1
 28 1 1
 28 3 1
 28 7 1
 28 8 1
 28 10 1
 28 13 1
 28 14 1
 28 16 1
 28 17 1
 28 18 1
 28 19 1
 28 20 1
 28 22 1
 28 26 1
 28 27 1
 28 30 1
 29 2 1
 29 4 1
 29 5 1
 29 8 1
 29 9 1
 29 10 1
 29 11 1
 29 12 1
 29 13 1
 29 15 1
 29 16 1
 29 18 1
 29 19 1
 29 20 1
 29 24 1
 29 25 1
 29 26 1
 29 28 1
 29 30 1
 30 2 1
 30 4 1
 30 6 1
 30 8 1
 30 12 1
 30 14 1
 30 17 1
 30 18 1
 30 20 1
 30 27 1
 30 28 1
 30 29 1


