# Created by Octave 4.2.2, Mon Dec 13 20:30:42 2021 CST <lqg@qiguanglin-LC1>
# name: Map
# type: matrix
# rows: 1496
# columns: 3
 1 2 1
 1 3 1
 1 5 1
 1 6 1
 1 7 1
 1 8 1
 1 9 1
 1 10 1
 1 12 1
 1 15 1
 1 16 1
 1 17 1
 1 18 1
 1 19 1
 1 20 1
 1 21 1
 1 23 1
 1 26 1
 1 27 1
 1 28 1
 1 30 1
 1 33 1
 1 34 1
 1 35 1
 1 38 1
 1 40 1
 1 42 1
 1 43 1
 1 44 1
 1 46 1
 1 48 1
 1 49 1
 1 50 1
 2 3 1
 2 4 1
 2 5 1
 2 6 1
 2 7 1
 2 8 1
 2 9 1
 2 10 1
 2 15 1
 2 16 1
 2 17 1
 2 18 1
 2 19 1
 2 20 1
 2 21 1
 2 22 1
 2 25 1
 2 27 1
 2 29 1
 2 31 1
 2 32 1
 2 35 1
 2 36 1
 2 37 1
 2 39 1
 2 40 1
 2 45 1
 2 46 1
 2 47 1
 2 50 1
 3 2 1
 3 6 1
 3 7 1
 3 8 1
 3 9 1
 3 11 1
 3 12 1
 3 13 1
 3 15 1
 3 16 1
 3 19 1
 3 20 1
 3 21 1
 3 22 1
 3 24 1
 3 27 1
 3 28 1
 3 29 1
 3 31 1
 3 33 1
 3 35 1
 3 36 1
 3 37 1
 3 38 1
 3 40 1
 3 41 1
 3 42 1
 3 46 1
 3 47 1
 3 48 1
 3 50 1
 4 5 1
 4 6 1
 4 7 1
 4 8 1
 4 9 1
 4 12 1
 4 13 1
 4 15 1
 4 16 1
 4 20 1
 4 21 1
 4 22 1
 4 23 1
 4 25 1
 4 28 1
 4 29 1
 4 32 1
 4 34 1
 4 35 1
 4 36 1
 4 40 1
 4 41 1
 4 47 1
 4 48 1
 4 50 1
 5 1 1
 5 2 1
 5 10 1
 5 11 1
 5 13 1
 5 14 1
 5 15 1
 5 16 1
 5 19 1
 5 21 1
 5 29 1
 5 32 1
 5 33 1
 5 37 1
 5 38 1
 5 39 1
 5 40 1
 5 42 1
 5 43 1
 5 47 1
 5 50 1
 6 3 1
 6 4 1
 6 5 1
 6 9 1
 6 11 1
 6 12 1
 6 13 1
 6 14 1
 6 15 1
 6 17 1
 6 19 1
 6 21 1
 6 23 1
 6 24 1
 6 26 1
 6 28 1
 6 29 1
 6 32 1
 6 35 1
 6 36 1
 6 37 1
 6 38 1
 6 39 1
 6 41 1
 6 42 1
 6 43 1
 6 46 1
 6 47 1
 6 48 1
 6 49 1
 7 1 1
 7 2 1
 7 5 1
 7 8 1
 7 9 1
 7 11 1
 7 12 1
 7 17 1
 7 19 1
 7 22 1
 7 23 1
 7 25 1
 7 27 1
 7 30 1
 7 32 1
 7 33 1
 7 34 1
 7 35 1
 7 37 1
 7 38 1
 7 42 1
 7 45 1
 7 47 1
 7 48 1
 7 50 1
 8 1 1
 8 2 1
 8 7 1
 8 9 1
 8 10 1
 8 11 1
 8 13 1
 8 16 1
 8 17 1
 8 19 1
 8 20 1
 8 22 1
 8 23 1
 8 24 1
 8 26 1
 8 28 1
 8 29 1
 8 30 1
 8 32 1
 8 33 1
 8 34 1
 8 35 1
 8 38 1
 8 39 1
 8 40 1
 8 41 1
 8 42 1
 8 44 1
 8 46 1
 8 47 1
 8 48 1
 8 50 1
 9 1 1
 9 2 1
 9 4 1
 9 5 1
 9 6 1
 9 7 1
 9 8 1
 9 10 1
 9 12 1
 9 16 1
 9 18 1
 9 19 1
 9 20 1
 9 21 1
 9 23 1
 9 24 1
 9 25 1
 9 26 1
 9 27 1
 9 31 1
 9 32 1
 9 34 1
 9 35 1
 9 37 1
 9 38 1
 9 39 1
 9 43 1
 9 44 1
 9 45 1
 9 47 1
 9 50 1
 10 2 1
 10 3 1
 10 5 1
 10 8 1
 10 11 1
 10 12 1
 10 13 1
 10 14 1
 10 15 1
 10 16 1
 10 17 1
 10 18 1
 10 20 1
 10 21 1
 10 22 1
 10 24 1
 10 25 1
 10 28 1
 10 30 1
 10 32 1
 10 33 1
 10 36 1
 10 37 1
 10 42 1
 10 45 1
 10 47 1
 10 48 1
 10 50 1
 11 2 1
 11 4 1
 11 5 1
 11 6 1
 11 9 1
 11 13 1
 11 14 1
 11 16 1
 11 17 1
 11 19 1
 11 20 1
 11 21 1
 11 22 1
 11 25 1
 11 26 1
 11 27 1
 11 28 1
 11 29 1
 11 33 1
 11 35 1
 11 39 1
 11 40 1
 11 42 1
 11 43 1
 11 44 1
 11 46 1
 11 47 1
 11 49 1
 11 50 1
 12 2 1
 12 3 1
 12 4 1
 12 5 1
 12 7 1
 12 8 1
 12 9 1
 12 10 1
 12 11 1
 12 13 1
 12 14 1
 12 15 1
 12 16 1
 12 18 1
 12 20 1
 12 25 1
 12 27 1
 12 28 1
 12 29 1
 12 30 1
 12 31 1
 12 32 1
 12 33 1
 12 34 1
 12 35 1
 12 36 1
 12 39 1
 12 40 1
 12 42 1
 12 43 1
 12 44 1
 12 45 1
 12 47 1
 12 48 1
 13 1 1
 13 3 1
 13 5 1
 13 6 1
 13 7 1
 13 8 1
 13 9 1
 13 11 1
 13 15 1
 13 16 1
 13 17 1
 13 18 1
 13 22 1
 13 23 1
 13 27 1
 13 28 1
 13 29 1
 13 31 1
 13 33 1
 13 34 1
 13 35 1
 13 36 1
 13 37 1
 13 39 1
 13 40 1
 13 41 1
 13 42 1
 13 47 1
 13 48 1
 13 49 1
 13 50 1
 14 1 1
 14 5 1
 14 6 1
 14 7 1
 14 8 1
 14 9 1
 14 10 1
 14 11 1
 14 12 1
 14 15 1
 14 20 1
 14 23 1
 14 24 1
 14 25 1
 14 27 1
 14 30 1
 14 31 1
 14 36 1
 14 38 1
 14 39 1
 14 40 1
 14 41 1
 14 43 1
 14 44 1
 14 45 1
 14 46 1
 14 47 1
 14 50 1
 15 1 1
 15 2 1
 15 4 1
 15 5 1
 15 6 1
 15 7 1
 15 11 1
 15 12 1
 15 13 1
 15 16 1
 15 17 1
 15 19 1
 15 20 1
 15 21 1
 15 23 1
 15 25 1
 15 27 1
 15 28 1
 15 32 1
 15 34 1
 15 35 1
 15 38 1
 15 39 1
 15 40 1
 15 43 1
 15 44 1
 15 46 1
 15 47 1
 15 49 1
 15 50 1
 16 3 1
 16 5 1
 16 7 1
 16 10 1
 16 13 1
 16 15 1
 16 19 1
 16 22 1
 16 24 1
 16 26 1
 16 28 1
 16 29 1
 16 30 1
 16 31 1
 16 32 1
 16 38 1
 16 39 1
 16 41 1
 16 43 1
 16 44 1
 16 45 1
 16 46 1
 16 47 1
 16 48 1
 16 50 1
 17 1 1
 17 2 1
 17 3 1
 17 4 1
 17 6 1
 17 7 1
 17 8 1
 17 9 1
 17 10 1
 17 11 1
 17 12 1
 17 13 1
 17 22 1
 17 26 1
 17 27 1
 17 28 1
 17 29 1
 17 30 1
 17 32 1
 17 33 1
 17 34 1
 17 35 1
 17 37 1
 17 38 1
 17 44 1
 17 46 1
 17 47 1
 17 48 1
 17 49 1
 17 50 1
 18 1 1
 18 3 1
 18 4 1
 18 6 1
 18 7 1
 18 8 1
 18 10 1
 18 11 1
 18 12 1
 18 13 1
 18 15 1
 18 20 1
 18 21 1
 18 23 1
 18 27 1
 18 28 1
 18 30 1
 18 34 1
 18 35 1
 18 36 1
 18 40 1
 18 41 1
 18 42 1
 18 43 1
 18 45 1
 18 46 1
 18 49 1
 18 50 1
 19 1 1
 19 2 1
 19 3 1
 19 4 1
 19 6 1
 19 8 1
 19 9 1
 19 11 1
 19 12 1
 19 13 1
 19 14 1
 19 15 1
 19 16 1
 19 17 1
 19 18 1
 19 21 1
 19 23 1
 19 25 1
 19 26 1
 19 27 1
 19 28 1
 19 29 1
 19 30 1
 19 32 1
 19 34 1
 19 35 1
 19 36 1
 19 37 1
 19 39 1
 19 40 1
 19 41 1
 19 42 1
 19 43 1
 19 44 1
 19 48 1
 19 49 1
 20 1 1
 20 2 1
 20 3 1
 20 4 1
 20 7 1
 20 8 1
 20 11 1
 20 12 1
 20 13 1
 20 14 1
 20 15 1
 20 18 1
 20 19 1
 20 24 1
 20 28 1
 20 29 1
 20 30 1
 20 31 1
 20 36 1
 20 37 1
 20 38 1
 20 39 1
 20 42 1
 20 44 1
 20 45 1
 20 50 1
 21 1 1
 21 2 1
 21 5 1
 21 6 1
 21 7 1
 21 8 1
 21 11 1
 21 12 1
 21 13 1
 21 15 1
 21 18 1
 21 19 1
 21 20 1
 21 22 1
 21 24 1
 21 27 1
 21 28 1
 21 29 1
 21 31 1
 21 33 1
 21 34 1
 21 35 1
 21 37 1
 21 38 1
 21 39 1
 21 40 1
 21 41 1
 21 42 1
 21 43 1
 21 45 1
 21 46 1
 21 49 1
 21 50 1
 22 3 1
 22 5 1
 22 6 1
 22 7 1
 22 8 1
 22 9 1
 22 13 1
 22 15 1
 22 17 1
 22 19 1
 22 20 1
 22 21 1
 22 23 1
 22 24 1
 22 25 1
 22 26 1
 22 29 1
 22 30 1
 22 31 1
 22 33 1
 22 34 1
 22 35 1
 22 36 1
 22 37 1
 22 39 1
 22 40 1
 22 41 1
 22 42 1
 22 44 1
 22 45 1
 22 46 1
 22 47 1
 22 49 1
 22 50 1
 23 2 1
 23 3 1
 23 6 1
 23 8 1
 23 9 1
 23 13 1
 23 15 1
 23 16 1
 23 19 1
 23 20 1
 23 21 1
 23 24 1
 23 25 1
 23 27 1
 23 29 1
 23 31 1
 23 32 1
 23 33 1
 23 34 1
 23 36 1
 23 39 1
 23 42 1
 23 43 1
 23 45 1
 23 46 1
 23 47 1
 23 48 1
 23 49 1
 24 3 1
 24 5 1
 24 6 1
 24 7 1
 24 8 1
 24 9 1
 24 13 1
 24 14 1
 24 15 1
 24 16 1
 24 18 1
 24 19 1
 24 20 1
 24 23 1
 24 27 1
 24 28 1
 24 29 1
 24 30 1
 24 31 1
 24 32 1
 24 33 1
 24 34 1
 24 36 1
 24 38 1
 24 40 1
 24 41 1
 24 43 1
 24 45 1
 24 47 1
 24 48 1
 24 50 1
 25 2 1
 25 3 1
 25 4 1
 25 5 1
 25 8 1
 25 12 1
 25 13 1
 25 16 1
 25 17 1
 25 18 1
 25 19 1
 25 21 1
 25 27 1
 25 29 1
 25 31 1
 25 33 1
 25 35 1
 25 36 1
 25 37 1
 25 38 1
 25 39 1
 25 40 1
 25 41 1
 25 42 1
 25 43 1
 25 44 1
 25 45 1
 25 46 1
 25 48 1
 25 49 1
 25 50 1
 26 1 1
 26 5 1
 26 7 1
 26 8 1
 26 9 1
 26 10 1
 26 12 1
 26 13 1
 26 16 1
 26 17 1
 26 18 1
 26 19 1
 26 20 1
 26 21 1
 26 23 1
 26 25 1
 26 28 1
 26 29 1
 26 30 1
 26 31 1
 26 33 1
 26 34 1
 26 35 1
 26 36 1
 26 38 1
 26 40 1
 26 42 1
 26 43 1
 26 44 1
 26 45 1
 26 49 1
 27 2 1
 27 5 1
 27 6 1
 27 8 1
 27 9 1
 27 11 1
 27 13 1
 27 15 1
 27 16 1
 27 18 1
 27 19 1
 27 21 1
 27 23 1
 27 26 1
 27 29 1
 27 30 1
 27 31 1
 27 33 1
 27 36 1
 27 37 1
 27 38 1
 27 39 1
 27 42 1
 27 43 1
 27 44 1
 27 46 1
 27 48 1
 27 49 1
 27 50 1
 28 2 1
 28 4 1
 28 5 1
 28 6 1
 28 8 1
 28 9 1
 28 10 1
 28 11 1
 28 13 1
 28 14 1
 28 16 1
 28 17 1
 28 18 1
 28 19 1
 28 20 1
 28 21 1
 28 22 1
 28 24 1
 28 25 1
 28 29 1
 28 30 1
 28 31 1
 28 32 1
 28 35 1
 28 36 1
 28 37 1
 28 38 1
 28 39 1
 28 40 1
 28 42 1
 28 43 1
 28 44 1
 28 45 1
 28 46 1
 28 47 1
 28 49 1
 28 50 1
 29 1 1
 29 2 1
 29 3 1
 29 4 1
 29 6 1
 29 7 1
 29 8 1
 29 9 1
 29 10 1
 29 15 1
 29 16 1
 29 17 1
 29 18 1
 29 19 1
 29 21 1
 29 26 1
 29 27 1
 29 28 1
 29 30 1
 29 31 1
 29 32 1
 29 33 1
 29 36 1
 29 37 1
 29 39 1
 29 40 1
 29 41 1
 29 42 1
 29 44 1
 29 47 1
 29 49 1
 30 3 1
 30 4 1
 30 5 1
 30 7 1
 30 8 1
 30 9 1
 30 12 1
 30 13 1
 30 14 1
 30 15 1
 30 16 1
 30 18 1
 30 20 1
 30 21 1
 30 23 1
 30 25 1
 30 27 1
 30 29 1
 30 32 1
 30 33 1
 30 34 1
 30 36 1
 30 39 1
 30 42 1
 30 45 1
 30 46 1
 30 49 1
 30 50 1
 31 2 1
 31 3 1
 31 6 1
 31 8 1
 31 9 1
 31 10 1
 31 13 1
 31 15 1
 31 16 1
 31 18 1
 31 19 1
 31 21 1
 31 22 1
 31 23 1
 31 25 1
 31 26 1
 31 29 1
 31 30 1
 31 33 1
 31 34 1
 31 36 1
 31 37 1
 31 38 1
 31 41 1
 31 42 1
 31 44 1
