# Created by Octave 4.2.2, Mon Dec 13 20:30:24 2021 CST <lqg@qiguanglin-LC1>
# name: Map
# type: matrix
# rows: 220
# columns: 3
 1 3 1
 1 5 1
 1 7 1
 1 8 1
 1 9 1
 1 12 1
 1 13 1
 1 14 1
 1 16 1
 1 17 1
 2 1 1
 2 3 1
 2 4 1
 2 5 1
 2 8 1
 2 12 1
 2 16 1
 2 17 1
 2 19 1
 2 20 1
 3 1 1
 3 2 1
 3 5 1
 3 6 1
 3 7 1
 3 8 1
 3 9 1
 3 10 1
 3 12 1
 3 13 1
 3 14 1
 3 17 1
 3 18 1
 3 19 1
 3 20 1
 4 1 1
 4 2 1
 4 3 1
 4 6 1
 4 7 1
 4 9 1
 4 11 1
 4 12 1
 4 14 1
 4 15 1
 4 17 1
 4 19 1
 5 4 1
 5 7 1
 5 8 1
 5 9 1
 5 10 1
 5 16 1
 5 20 1
 6 2 1
 6 4 1
 6 8 1
 6 9 1
 6 10 1
 6 11 1
 6 13 1
 6 15 1
 6 16 1
 6 18 1
 7 3 1
 7 4 1
 7 5 1
 7 6 1
 7 8 1
 7 9 1
 7 10 1
 7 11 1
 7 12 1
 7 14 1
 7 17 1
 7 18 1
 7 19 1
 8 1 1
 8 3 1
 8 5 1
 8 6 1
 8 7 1
 8 19 1
 9 1 1
 9 2 1
 9 3 1
 9 5 1
 9 6 1
 9 7 1
 9 8 1
 9 11 1
 9 12 1
 9 13 1
 9 14 1
 9 16 1
 9 17 1
 9 18 1
 9 19 1
 10 1 1
 10 2 1
 10 4 1
 10 5 1
 10 6 1
 10 7 1
 10 9 1
 10 11 1
 10 14 1
 10 16 1
 10 18 1
 10 19 1
 10 20 1
 11 3 1
 11 5 1
 11 9 1
 11 12 1
 11 13 1
 11 18 1
 11 20 1
 12 1 1
 12 2 1
 12 3 1
 12 4 1
 12 6 1
 12 9 1
 12 10 1
 12 11 1
 12 13 1
 12 15 1
 12 17 1
 12 19 1
 12 20 1
 13 2 1
 13 3 1
 13 4 1
 13 8 1
 13 9 1
 13 11 1
 13 14 1
 13 15 1
 13 16 1
 13 17 1
 13 18 1
 13 19 1
 13 20 1
 14 2 1
 14 5 1
 14 6 1
 14 7 1
 14 8 1
 14 10 1
 14 12 1
 14 13 1
 14 17 1
 14 18 1
 14 19 1
 15 3 1
 15 4 1
 15 5 1
 15 6 1
 15 7 1
 15 8 1
 15 10 1
 15 12 1
 15 13 1
 15 14 1
 15 17 1
 15 18 1
 15 19 1
 16 2 1
 16 3 1
 16 5 1
 16 7 1
 16 8 1
 16 9 1
 16 13 1
 16 14 1
 16 15 1
 16 17 1
 16 18 1
 16 19 1
 17 2 1
 17 3 1
 17 4 1
 17 5 1
 17 6 1
 17 9 1
 17 11 1
 17 14 1
 17 15 1
 17 18 1
 17 20 1
 18 2 1
 18 5 1
 18 8 1
 18 11 1
 18 12 1
 18 17 1
 18 20 1
 19 2 1
 19 3 1
 19 8 1
 19 9 1
 19 10 1
 19 11 1
 19 13 1
 19 14 1
 19 16 1
 19 17 1
 19 18 1
 19 20 1
 20 1 1
 20 2 1
 20 4 1
 20 9 1
 20 11 1
 20 12 1
 20 13 1
 20 14 1
 20 16 1
 20 18 1


