# Created by Octave 4.2.2, Mon Dec 13 20:30:24 2021 CST <lqg@qiguanglin-LC1>
# name: Map
# type: matrix
# rows: 225
# columns: 3
 1 2 1
 1 3 1
 1 5 1
 1 7 1
 1 9 1
 1 12 1
 1 13 1
 1 15 1
 1 16 1
 1 17 1
 1 18 1
 1 20 1
 2 1 1
 2 3 1
 2 5 1
 2 6 1
 2 9 1
 2 12 1
 2 15 1
 2 18 1
 2 19 1
 2 20 1
 3 1 1
 3 2 1
 3 5 1
 3 7 1
 3 11 1
 3 12 1
 3 13 1
 3 14 1
 3 16 1
 3 18 1
 3 19 1
 3 20 1
 4 1 1
 4 2 1
 4 6 1
 4 7 1
 4 9 1
 4 10 1
 4 12 1
 4 13 1
 4 14 1
 4 16 1
 4 17 1
 4 20 1
 5 2 1
 5 4 1
 5 6 1
 5 7 1
 5 9 1
 5 11 1
 5 13 1
 5 14 1
 5 16 1
 5 18 1
 6 1 1
 6 5 1
 6 8 1
 6 9 1
 6 10 1
 6 11 1
 6 12 1
 6 13 1
 6 14 1
 6 16 1
 6 17 1
 6 19 1
 6 20 1
 7 5 1
 7 6 1
 7 8 1
 7 10 1
 7 11 1
 7 13 1
 7 15 1
 7 17 1
 7 18 1
 7 19 1
 7 20 1
 8 3 1
 8 5 1
 8 7 1
 8 11 1
 8 12 1
 8 14 1
 8 17 1
 8 18 1
 8 19 1
 8 20 1
 9 3 1
 9 5 1
 9 7 1
 9 8 1
 9 10 1
 9 12 1
 9 13 1
 9 14 1
 9 15 1
 9 16 1
 9 17 1
 9 18 1
 9 20 1
 10 1 1
 10 2 1
 10 3 1
 10 4 1
 10 5 1
 10 7 1
 10 8 1
 10 12 1
 10 13 1
 10 15 1
 10 16 1
 10 18 1
 10 19 1
 11 1 1
 11 4 1
 11 8 1
 11 9 1
 11 10 1
 11 13 1
 11 14 1
 11 15 1
 11 17 1
 11 18 1
 11 19 1
 12 1 1
 12 2 1
 12 3 1
 12 4 1
 12 6 1
 12 7 1
 12 9 1
 12 13 1
 12 15 1
 12 18 1
 12 20 1
 13 1 1
 13 4 1
 13 6 1
 13 8 1
 13 10 1
 13 14 1
 13 16 1
 13 18 1
 13 19 1
 13 20 1
 14 4 1
 14 5 1
 14 6 1
 14 7 1
 14 9 1
 14 10 1
 14 11 1
 14 12 1
 14 16 1
 14 19 1
 14 20 1
 15 2 1
 15 3 1
 15 4 1
 15 9 1
 15 12 1
 15 14 1
 15 16 1
 15 17 1
 15 18 1
 15 19 1
 16 1 1
 16 2 1
 16 5 1
 16 6 1
 16 7 1
 16 9 1
 16 10 1
 16 14 1
 16 15 1
 16 18 1
 16 20 1
 17 1 1
 17 2 1
 17 3 1
 17 4 1
 17 6 1
 17 7 1
 17 8 1
 17 9 1
 17 10 1
 17 12 1
 17 13 1
 17 14 1
 17 16 1
 18 1 1
 18 2 1
 18 3 1
 18 9 1
 18 11 1
 18 14 1
 18 15 1
 18 17 1
 18 19 1
 18 20 1
 19 1 1
 19 4 1
 19 6 1
 19 10 1
 19 11 1
 19 12 1
 19 13 1
 19 14 1
 19 15 1
 19 17 1
 19 20 1
 20 2 1
 20 4 1
 20 5 1
 20 6 1
 20 7 1
 20 8 1
 20 9 1
 20 11 1
 20 13 1
 20 14 1
 20 19 1


