# Created by Octave 4.2.2, Mon Dec 13 20:30:45 2021 CST <lqg@qiguanglin-LC1>
# name: Map
# type: matrix
# rows: 1467
# columns: 3
 1 2 1
 1 3 1
 1 5 1
 1 6 1
 1 7 1
 1 8 1
 1 10 1
 1 11 1
 1 12 1
 1 13 1
 1 15 1
 1 16 1
 1 17 1
 1 21 1
 1 23 1
 1 26 1
 1 27 1
 1 28 1
 1 30 1
 1 33 1
 1 34 1
 1 35 1
 1 36 1
 1 39 1
 1 41 1
 1 42 1
 1 44 1
 1 45 1
 1 46 1
 1 47 1
 1 49 1
 2 3 1
 2 4 1
 2 7 1
 2 8 1
 2 9 1
 2 12 1
 2 13 1
 2 15 1
 2 17 1
 2 20 1
 2 22 1
 2 23 1
 2 24 1
 2 25 1
 2 26 1
 2 27 1
 2 32 1
 2 33 1
 2 34 1
 2 35 1
 2 37 1
 2 40 1
 2 42 1
 2 45 1
 2 50 1
 3 1 1
 3 4 1
 3 6 1
 3 7 1
 3 8 1
 3 11 1
 3 13 1
 3 14 1
 3 15 1
 3 16 1
 3 17 1
 3 18 1
 3 20 1
 3 21 1
 3 22 1
 3 23 1
 3 24 1
 3 25 1
 3 26 1
 3 28 1
 3 30 1
 3 31 1
 3 33 1
 3 34 1
 3 37 1
 3 39 1
 3 41 1
 3 42 1
 3 43 1
 3 47 1
 3 48 1
 3 49 1
 4 1 1
 4 2 1
 4 5 1
 4 6 1
 4 7 1
 4 8 1
 4 10 1
 4 11 1
 4 13 1
 4 14 1
 4 16 1
 4 17 1
 4 18 1
 4 19 1
 4 21 1
 4 22 1
 4 24 1
 4 26 1
 4 28 1
 4 29 1
 4 32 1
 4 33 1
 4 37 1
 4 39 1
 4 42 1
 4 43 1
 4 44 1
 4 46 1
 4 47 1
 4 49 1
 5 1 1
 5 3 1
 5 4 1
 5 6 1
 5 8 1
 5 9 1
 5 10 1
 5 11 1
 5 12 1
 5 13 1
 5 16 1
 5 18 1
 5 19 1
 5 20 1
 5 21 1
 5 22 1
 5 23 1
 5 26 1
 5 28 1
 5 31 1
 5 34 1
 5 37 1
 5 38 1
 5 39 1
 5 41 1
 5 42 1
 5 44 1
 5 46 1
 5 47 1
 5 48 1
 6 2 1
 6 4 1
 6 5 1
 6 8 1
 6 10 1
 6 14 1
 6 16 1
 6 19 1
 6 20 1
 6 21 1
 6 23 1
 6 24 1
 6 25 1
 6 28 1
 6 30 1
 6 31 1
 6 32 1
 6 34 1
 6 35 1
 6 36 1
 6 41 1
 6 42 1
 6 44 1
 6 45 1
 6 47 1
 6 50 1
 7 1 1
 7 2 1
 7 3 1
 7 4 1
 7 6 1
 7 10 1
 7 12 1
 7 14 1
 7 17 1
 7 18 1
 7 19 1
 7 20 1
 7 21 1
 7 22 1
 7 24 1
 7 26 1
 7 28 1
 7 30 1
 7 31 1
 7 32 1
 7 36 1
 7 40 1
 7 42 1
 7 43 1
 7 45 1
 7 46 1
 7 47 1
 7 48 1
 7 49 1
 7 50 1
 8 2 1
 8 3 1
 8 7 1
 8 9 1
 8 10 1
 8 11 1
 8 12 1
 8 16 1
 8 18 1
 8 20 1
 8 21 1
 8 22 1
 8 23 1
 8 24 1
 8 25 1
 8 26 1
 8 27 1
 8 29 1
 8 30 1
 8 31 1
 8 32 1
 8 33 1
 8 34 1
 8 35 1
 8 36 1
 8 37 1
 8 39 1
 8 41 1
 8 42 1
 8 45 1
 8 46 1
 8 48 1
 8 49 1
 9 2 1
 9 4 1
 9 6 1
 9 7 1
 9 8 1
 9 12 1
 9 13 1
 9 14 1
 9 15 1
 9 16 1
 9 17 1
 9 19 1
 9 20 1
 9 21 1
 9 22 1
 9 23 1
 9 26 1
 9 29 1
 9 30 1
 9 32 1
 9 33 1
 9 37 1
 9 38 1
 9 39 1
 9 40 1
 9 41 1
 9 43 1
 9 44 1
 9 45 1
 9 46 1
 9 47 1
 9 50 1
 10 1 1
 10 4 1
 10 5 1
 10 8 1
 10 11 1
 10 14 1
 10 16 1
 10 17 1
 10 18 1
 10 20 1
 10 21 1
 10 22 1
 10 24 1
 10 25 1
 10 26 1
 10 27 1
 10 28 1
 10 29 1
 10 30 1
 10 31 1
 10 33 1
 10 34 1
 10 38 1
 10 39 1
 10 40 1
 10 42 1
 10 44 1
 10 45 1
 10 47 1
 10 48 1
 10 50 1
 11 1 1
 11 4 1
 11 6 1
 11 10 1
 11 12 1
 11 13 1
 11 14 1
 11 15 1
 11 16 1
 11 17 1
 11 18 1
 11 19 1
 11 20 1
 11 22 1
 11 23 1
 11 27 1
 11 37 1
 11 38 1
 11 39 1
 11 43 1
 11 45 1
 11 47 1
 12 5 1
 12 13 1
 12 15 1
 12 18 1
 12 19 1
 12 21 1
 12 22 1
 12 23 1
 12 24 1
 12 26 1
 12 27 1
 12 30 1
 12 31 1
 12 33 1
 12 34 1
 12 38 1
 12 40 1
 12 44 1
 12 46 1
 12 47 1
 12 48 1
 12 49 1
 13 4 1
 13 5 1
 13 7 1
 13 8 1
 13 10 1
 13 11 1
 13 12 1
 13 14 1
 13 15 1
 13 18 1
 13 19 1
 13 23 1
 13 26 1
 13 28 1
 13 29 1
 13 31 1
 13 32 1
 13 33 1
 13 35 1
 13 36 1
 13 39 1
 13 42 1
 13 46 1
 13 47 1
 13 49 1
 13 50 1
 14 2 1
 14 3 1
 14 5 1
 14 6 1
 14 9 1
 14 15 1
 14 17 1
 14 21 1
 14 22 1
 14 26 1
 14 27 1
 14 29 1
 14 30 1
 14 31 1
 14 32 1
 14 33 1
 14 35 1
 14 37 1
 14 38 1
 14 39 1
 14 41 1
 14 42 1
 14 43 1
 14 48 1
 14 49 1
 15 2 1
 15 3 1
 15 4 1
 15 5 1
 15 6 1
 15 7 1
 15 8 1
 15 9 1
 15 12 1
 15 14 1
 15 19 1
 15 20 1
 15 24 1
 15 25 1
 15 27 1
 15 29 1
 15 30 1
 15 31 1
 15 33 1
 15 34 1
 15 35 1
 15 37 1
 15 39 1
 15 40 1
 15 41 1
 15 42 1
 15 43 1
 15 45 1
 15 46 1
 15 47 1
 16 3 1
 16 4 1
 16 5 1
 16 6 1
 16 7 1
 16 8 1
 16 9 1
 16 10 1
 16 11 1
 16 12 1
 16 13 1
 16 17 1
 16 19 1
 16 20 1
 16 22 1
 16 23 1
 16 26 1
 16 27 1
 16 29 1
 16 30 1
 16 31 1
 16 34 1
 16 35 1
 16 37 1
 16 38 1
 16 39 1
 16 42 1
 16 43 1
 16 44 1
 16 45 1
 16 47 1
 16 49 1
 17 1 1
 17 3 1
 17 6 1
 17 7 1
 17 9 1
 17 10 1
 17 13 1
 17 14 1
 17 16 1
 17 18 1
 17 19 1
 17 21 1
 17 22 1
 17 23 1
 17 24 1
 17 26 1
 17 29 1
 17 30 1
 17 31 1
 17 33 1
 17 39 1
 17 41 1
 17 42 1
 17 43 1
 17 47 1
 17 49 1
 17 50 1
 18 2 1
 18 3 1
 18 5 1
 18 6 1
 18 8 1
 18 9 1
 18 10 1
 18 11 1
 18 12 1
 18 15 1
 18 16 1
 18 21 1
 18 22 1
 18 24 1
 18 25 1
 18 26 1
 18 28 1
 18 29 1
 18 31 1
 18 32 1
 18 34 1
 18 35 1
 18 36 1
 18 37 1
 18 38 1
 18 40 1
 18 43 1
 18 44 1
 18 48 1
 18 50 1
 19 1 1
 19 2 1
 19 3 1
 19 5 1
 19 7 1
 19 9 1
 19 10 1
 19 11 1
 19 13 1
 19 14 1
 19 15 1
 19 16 1
 19 21 1
 19 23 1
 19 25 1
 19 26 1
 19 28 1
 19 29 1
 19 30 1
 19 33 1
 19 35 1
 19 36 1
 19 37 1
 19 38 1
 19 39 1
 19 40 1
 19 42 1
 19 43 1
 19 44 1
 19 45 1
 19 46 1
 19 47 1
 19 48 1
 20 1 1
 20 2 1
 20 5 1
 20 6 1
 20 7 1
 20 8 1
 20 9 1
 20 10 1
 20 11 1
 20 12 1
 20 13 1
 20 14 1
 20 15 1
 20 18 1
 20 19 1
 20 22 1
 20 24 1
 20 25 1
 20 26 1
 20 27 1
 20 28 1
 20 29 1
 20 31 1
 20 33 1
 20 35 1
 20 37 1
 20 39 1
 20 42 1
 20 43 1
 20 45 1
 20 47 1
 20 49 1
 21 1 1
 21 2 1
 21 3 1
 21 5 1
 21 7 1
 21 9 1
 21 10 1
 21 11 1
 21 13 1
 21 15 1
 21 16 1
 21 19 1
 21 20 1
 21 24 1
 21 26 1
 21 27 1
 21 28 1
 21 30 1
 21 31 1
 21 32 1
 21 34 1
 21 35 1
 21 37 1
 21 38 1
 21 39 1
 21 40 1
 21 42 1
 21 45 1
 21 46 1
 21 47 1
 21 48 1
 21 49 1
 22 2 1
 22 4 1
 22 5 1
 22 8 1
 22 10 1
 22 13 1
 22 14 1
 22 15 1
 22 16 1
 22 20 1
 22 21 1
 22 24 1
 22 26 1
 22 28 1
 22 29 1
 22 30 1
 22 35 1
 22 36 1
 22 37 1
 22 45 1
 22 47 1
 22 49 1
 22 50 1
 23 2 1
 23 4 1
 23 5 1
 23 7 1
 23 8 1
 23 9 1
 23 10 1
 23 13 1
 23 15 1
 23 17 1
 23 19 1
 23 21 1
 23 22 1
 23 24 1
 23 26 1
 23 27 1
 23 29 1
 23 31 1
 23 32 1
 23 33 1
 23 35 1
 23 37 1
 23 38 1
 23 39 1
 23 40 1
 23 43 1
 23 45 1
 23 46 1
 23 47 1
 23 50 1
 24 1 1
 24 3 1
 24 4 1
 24 6 1
 24 9 1
 24 10 1
 24 11 1
 24 12 1
 24 15 1
 24 18 1
 24 21 1
 24 25 1
 24 27 1
 24 28 1
 24 29 1
 24 31 1
 24 33 1
 24 34 1
 24 35 1
 24 36 1
 24 37 1
 24 39 1
 24 40 1
 24 43 1
 24 45 1
 24 46 1
 24 48 1
 25 2 1
 25 3 1
 25 7 1
 25 8 1
 25 9 1
 25 10 1
 25 12 1
 25 13 1
 25 15 1
 25 18 1
 25 19 1
 25 20 1
 25 22 1
 25 23 1
 25 26 1
 25 27 1
 25 28 1
 25 29 1
 25 30 1
 25 36 1
 25 37 1
 25 38 1
 25 39 1
 25 41 1
 25 42 1
 25 43 1
 25 44 1
 25 45 1
 25 46 1
 25 47 1
 25 48 1
 25 49 1
 25 50 1
 26 2 1
 26 3 1
 26 4 1
 26 6 1
 26 7 1
 26 9 1
 26 10 1
 26 12 1
 26 13 1
 26 14 1
 26 16 1
 26 17 1
 26 18 1
 26 19 1
 26 20 1
 26 21 1
 26 22 1
 26 23 1
 26 24 1
 26 25 1
 26 30 1
 26 33 1
 26 34 1
 26 36 1
 26 37 1
 26 38 1
 26 39 1
 26 40 1
 26 41 1
 26 42 1
 26 43 1
 26 44 1
 26 48 1
 26 49 1
 26 50 1
 27 1 1
 27 2 1
 27 3 1
 27 4 1
 27 5 1
 27 7 1
 27 9 1
 27 12 1
 27 13 1
 27 14 1
 27 15 1
 27 16 1
 27 18 1
 27 19 1
 27 20 1
 27 22 1
 27 23 1
 27 24 1
 27 25 1
 27 26 1
 27 30 1
 27 31 1
 27 33 1
 27 34 1
 27 35 1
 27 36 1
 27 38 1
 27 39 1
 27 40 1
 27 41 1
 27 49 1
 27 50 1
 28 1 1
 28 2 1
 28 3 1
 28 5 1
 28 7 1
 28 8 1
 28 9 1
 28 11 1
 28 13 1
 28 14 1
 28 15 1
 28 16 1
 28 18 1
 28 20 1
 28 23 1
 28 24 1
 28 25 1
 28 27 1
 28 29 1
 28 30 1
 28 31 1
 28 32 1
 28 34 1
 28 35 1
 28 36 1
 28 37 1
 28 40 1
 28 44 1
 28 45 1
 28 46 1
 28 47 1
 28 48 1
 28 49 1
 28 50 1
 29 3 1
 29 4 1
 29 5 1
 29 7 1
 29 10 1
 29 13 1
 29 14 1
 29 19 1
 29 22 1
 29 24 1
 29 25 1
 29 26 1
 29 27 1
 29 30 1
 29 32 1
 29 33 1
 29 34 1
 29 35 1
 29 36 1
 29 37 1
 29 38 1
 29 39 1
 29 40 1
 29 41 1
 29 42 1
 29 43 1
 29 45 1
 29 46 1
 29 49 1
 30 1 1
 30 2 1
 30 5 1
 30 7 1
 30 8 1
 30 10 1
 30 11 1
 30 14 1
 30 15 1
 30 16 1
 30 17 1
 30 18 1
 30 20 1
 30 26 1
 30 28 1
 30 29 1
 30 31 1
 30 33 1
 30 37 1
 30 39 1
 30 40 1
 30 41 1
 30 43 1
 30 44 1
 30 46 1
 30 47 1
 30 48 1
 30 50 1
 31 2 1
 31 3 1
 31 4 1
 31 5 1
 31 6 1
 31 8 1
 31 9 1
 31 10 1
 31 11 1
 31 14 1
 31 15 1
 31 16 1
 31 17 1
 31 19 1
 31 20 1
 31 25 1
 31 27 1
 31 28 1
 31 35 1
 31 36 1
 31 37 1
 31 39 1
 31 42 1
 31 44 1
 31 46 1
 31 48 1
 31 49 1
 32 1 1
 32 3 1
 32 4 1
 32 6 1
 32 8 1
 32 9 1
 32 10 1
 32 11 1
 32 12 1
 32 13 1
 32 15 1
 32 16 1
 32 18 1
 32 20 1
