# Created by Octave 4.2.2, Mon Dec 13 20:30:28 2021 CST <lqg@qiguanglin-LC1>
# name: Map
# type: matrix
# rows: 498
# columns: 3
 1 3 1
 1 4 1
 1 6 1
 1 7 1
 1 8 1
 1 10 1
 1 11 1
 1 12 1
 1 13 1
 1 14 1
 1 17 1
 1 19 1
 1 21 1
 1 22 1
 1 24 1
 1 25 1
 1 29 1
 1 30 1
 2 1 1
 2 3 1
 2 4 1
 2 7 1
 2 9 1
 2 10 1
 2 11 1
 2 13 1
 2 18 1
 2 19 1
 2 22 1
 2 24 1
 2 25 1
 2 26 1
 3 1 1
 3 2 1
 3 5 1
 3 6 1
 3 8 1
 3 9 1
 3 10 1
 3 15 1
 3 17 1
 3 18 1
 3 21 1
 3 22 1
 3 23 1
 3 24 1
 3 27 1
 3 28 1
 3 29 1
 3 30 1
 4 1 1
 4 5 1
 4 6 1
 4 9 1
 4 12 1
 4 13 1
 4 14 1
 4 15 1
 4 16 1
 4 21 1
 4 22 1
 4 23 1
 4 24 1
 4 25 1
 4 27 1
 4 28 1
 5 2 1
 5 6 1
 5 7 1
 5 8 1
 5 11 1
 5 12 1
 5 13 1
 5 14 1
 5 15 1
 5 16 1
 5 17 1
 5 20 1
 5 24 1
 5 26 1
 5 27 1
 5 29 1
 6 4 1
 6 5 1
 6 9 1
 6 12 1
 6 13 1
 6 14 1
 6 15 1
 6 20 1
 6 23 1
 6 25 1
 6 26 1
 6 27 1
 6 29 1
 6 30 1
 7 1 1
 7 2 1
 7 3 1
 7 5 1
 7 10 1
 7 13 1
 7 15 1
 7 16 1
 7 17 1
 7 18 1
 7 20 1
 7 21 1
 7 22 1
 7 25 1
 7 26 1
 7 27 1
 7 28 1
 8 1 1
 8 2 1
 8 3 1
 8 4 1
 8 6 1
 8 7 1
 8 9 1
 8 12 1
 8 14 1
 8 16 1
 8 17 1
 8 18 1
 8 20 1
 8 22 1
 8 23 1
 8 25 1
 8 27 1
 8 29 1
 9 1 1
 9 2 1
 9 3 1
 9 5 1
 9 6 1
 9 7 1
 9 8 1
 9 10 1
 9 13 1
 9 20 1
 9 21 1
 9 25 1
 9 27 1
 9 30 1
 10 2 1
 10 5 1
 10 6 1
 10 7 1
 10 8 1
 10 11 1
 10 13 1
 10 16 1
 10 18 1
 10 20 1
 10 21 1
 10 23 1
 10 27 1
 10 28 1
 10 30 1
 11 1 1
 11 2 1
 11 5 1
 11 6 1
 11 7 1
 11 10 1
 11 12 1
 11 14 1
 11 15 1
 11 16 1
 11 17 1
 11 18 1
 11 19 1
 11 21 1
 11 23 1
 11 24 1
 11 27 1
 11 30 1
 12 2 1
 12 3 1
 12 4 1
 12 5 1
 12 8 1
 12 11 1
 12 13 1
 12 15 1
 12 17 1
 12 19 1
 12 20 1
 12 21 1
 12 24 1
 12 25 1
 12 27 1
 13 1 1
 13 8 1
 13 9 1
 13 11 1
 13 12 1
 13 16 1
 13 17 1
 13 18 1
 13 20 1
 13 21 1
 13 22 1
 13 23 1
 13 25 1
 13 28 1
 13 30 1
 14 4 1
 14 5 1
 14 6 1
 14 11 1
 14 12 1
 14 15 1
 14 17 1
 14 18 1
 14 19 1
 14 20 1
 14 21 1
 14 23 1
 14 25 1
 14 26 1
 14 27 1
 14 28 1
 14 29 1
 14 30 1
 15 2 1
 15 4 1
 15 5 1
 15 7 1
 15 9 1
 15 10 1
 15 11 1
 15 16 1
 15 18 1
 15 19 1
 15 22 1
 15 24 1
 15 26 1
 15 27 1
 15 28 1
 15 29 1
 16 1 1
 16 4 1
 16 6 1
 16 7 1
 16 8 1
 16 9 1
 16 11 1
 16 13 1
 16 17 1
 16 20 1
 16 21 1
 16 22 1
 16 24 1
 16 25 1
 16 26 1
 16 27 1
 16 29 1
 17 1 1
 17 3 1
 17 5 1
 17 6 1
 17 7 1
 17 8 1
 17 10 1
 17 15 1
 17 16 1
 17 19 1
 17 20 1
 17 23 1
 17 24 1
 17 25 1
 17 26 1
 17 28 1
 17 30 1
 18 1 1
 18 2 1
 18 3 1
 18 4 1
 18 7 1
 18 8 1
 18 9 1
 18 10 1
 18 11 1
 18 12 1
 18 13 1
 18 16 1
 18 17 1
 18 19 1
 18 22 1
 18 23 1
 18 24 1
 18 25 1
 18 26 1
 18 27 1
 18 28 1
 18 29 1
 19 2 1
 19 3 1
 19 4 1
 19 6 1
 19 7 1
 19 9 1
 19 10 1
 19 12 1
 19 14 1
 19 15 1
 19 18 1
 19 24 1
 19 26 1
 19 27 1
 20 2 1
 20 4 1
 20 5 1
 20 6 1
 20 7 1
 20 9 1
 20 13 1
 20 15 1
 20 16 1
 20 18 1
 20 19 1
 20 22 1
 20 23 1
 20 26 1
 20 29 1
 21 1 1
 21 2 1
 21 4 1
 21 5 1
 21 7 1
 21 8 1
 21 11 1
 21 12 1
 21 13 1
 21 17 1
 21 19 1
 21 20 1
 21 23 1
 21 27 1
 21 30 1
 22 1 1
 22 5 1
 22 6 1
 22 10 1
 22 12 1
 22 13 1
 22 15 1
 22 16 1
 22 17 1
 22 18 1
 22 19 1
 22 20 1
 22 21 1
 22 26 1
 22 30 1
 23 1 1
 23 3 1
 23 4 1
 23 5 1
 23 6 1
 23 7 1
 23 8 1
 23 11 1
 23 17 1
 23 18 1
 23 21 1
 23 25 1
 23 26 1
 23 27 1
 23 28 1
 23 30 1
 24 1 1
 24 2 1
 24 6 1
 24 7 1
 24 8 1
 24 10 1
 24 11 1
 24 18 1
 24 22 1
 24 23 1
 24 26 1
 24 27 1
 24 28 1
 24 30 1
 25 1 1
 25 2 1
 25 3 1
 25 4 1
 25 6 1
 25 9 1
 25 11 1
 25 12 1
 25 13 1
 25 14 1
 25 15 1
 25 16 1
 25 18 1
 25 19 1
 25 22 1
 25 23 1
 25 28 1
 25 30 1
 26 4 1
 26 5 1
 26 6 1
 26 7 1
 26 8 1
 26 11 1
 26 12 1
 26 13 1
 26 14 1
 26 15 1
 26 16 1
 26 18 1
 26 21 1
 26 23 1
 26 25 1
 26 27 1
 26 28 1
 26 29 1
 26 30 1
 27 2 1
 27 4 1
 27 6 1
 27 7 1
 27 8 1
 27 9 1
 27 12 1
 27 13 1
 27 14 1
 27 15 1
 27 16 1
 27 17 1
 27 20 1
 27 21 1
 27 25 1
 27 26 1
 27 28 1
 27 30 1
 28 1 1
 28 6 1
 28 7 1
 28 8 1
 28 9 1
 28 10 1
 28 11 1
 28 12 1
 28 14 1
 28 15 1
 28 16 1
 28 17 1
 28 18 1
 28 20 1
 28 21 1
 28 24 1
 28 27 1
 28 30 1
 29 2 1
 29 3 1
 29 4 1
 29 5 1
 29 8 1
 29 9 1
 29 11 1
 29 12 1
 29 13 1
 29 15 1
 29 18 1
 29 20 1
 29 22 1
 29 24 1
 29 25 1
 29 26 1
 29 28 1
 29 30 1
 30 2 1
 30 3 1
 30 5 1
 30 6 1
 30 8 1
 30 9 1
 30 10 1
 30 11 1
 30 12 1
 30 15 1
 30 16 1
 30 17 1
 30 19 1
 30 20 1
 30 21 1
 30 22 1
 30 23 1
 30 24 1
 30 25 1
 30 29 1


