# Created by Octave 4.2.2, Mon Dec 13 20:30:24 2021 CST <lqg@qiguanglin-LC1>
# name: Map
# type: matrix
# rows: 218
# columns: 3
 1 2 1
 1 4 1
 1 6 1
 1 8 1
 1 9 1
 1 11 1
 1 13 1
 1 15 1
 1 16 1
 1 17 1
 1 18 1
 1 19 1
 2 1 1
 2 3 1
 2 4 1
 2 6 1
 2 7 1
 2 9 1
 2 12 1
 2 14 1
 2 15 1
 2 17 1
 3 1 1
 3 4 1
 3 5 1
 3 7 1
 3 10 1
 3 15 1
 3 17 1
 3 19 1
 4 3 1
 4 5 1
 4 8 1
 4 10 1
 4 11 1
 4 16 1
 5 2 1
 5 4 1
 5 6 1
 5 7 1
 5 9 1
 5 11 1
 5 12 1
 5 14 1
 5 16 1
 5 17 1
 5 19 1
 6 3 1
 6 5 1
 6 7 1
 6 8 1
 6 11 1
 6 13 1
 6 14 1
 6 15 1
 6 16 1
 6 17 1
 7 2 1
 7 3 1
 7 4 1
 7 5 1
 7 9 1
 7 10 1
 7 12 1
 7 13 1
 7 15 1
 7 17 1
 7 18 1
 7 19 1
 7 20 1
 8 1 1
 8 2 1
 8 3 1
 8 4 1
 8 7 1
 8 9 1
 8 13 1
 8 14 1
 8 15 1
 8 16 1
 8 18 1
 8 20 1
 9 1 1
 9 4 1
 9 12 1
 9 13 1
 9 14 1
 9 15 1
 9 16 1
 9 19 1
 10 1 1
 10 9 1
 10 12 1
 10 15 1
 10 20 1
 11 3 1
 11 4 1
 11 6 1
 11 7 1
 11 9 1
 11 10 1
 11 12 1
 11 13 1
 11 14 1
 11 15 1
 11 18 1
 12 1 1
 12 2 1
 12 4 1
 12 7 1
 12 8 1
 12 9 1
 12 13 1
 12 14 1
 12 16 1
 12 17 1
 12 18 1
 12 19 1
 12 20 1
 13 1 1
 13 2 1
 13 3 1
 13 4 1
 13 5 1
 13 6 1
 13 7 1
 13 10 1
 13 11 1
 13 12 1
 13 14 1
 13 16 1
 13 17 1
 13 18 1
 13 19 1
 14 1 1
 14 2 1
 14 3 1
 14 5 1
 14 6 1
 14 7 1
 14 8 1
 14 10 1
 14 11 1
 14 16 1
 14 17 1
 14 18 1
 14 20 1
 15 1 1
 15 3 1
 15 4 1
 15 5 1
 15 7 1
 15 8 1
 15 11 1
 15 12 1
 15 13 1
 15 17 1
 16 1 1
 16 3 1
 16 4 1
 16 5 1
 16 8 1
 16 10 1
 16 11 1
 16 13 1
 16 15 1
 16 17 1
 16 20 1
 17 1 1
 17 3 1
 17 4 1
 17 6 1
 17 7 1
 17 10 1
 17 11 1
 17 12 1
 17 13 1
 17 15 1
 17 19 1
 17 20 1
 18 2 1
 18 3 1
 18 4 1
 18 5 1
 18 8 1
 18 9 1
 18 10 1
 18 11 1
 18 12 1
 18 13 1
 18 15 1
 18 17 1
 18 20 1
 19 1 1
 19 3 1
 19 4 1
 19 5 1
 19 6 1
 19 7 1
 19 9 1
 19 10 1
 19 12 1
 19 13 1
 19 14 1
 19 17 1
 19 18 1
 19 20 1
 20 3 1
 20 5 1
 20 9 1
 20 10 1
 20 11 1
 20 12 1
 20 13 1
 20 16 1
 20 17 1
 20 18 1
 20 19 1


