# Created by Octave 4.2.2, Mon Dec 13 20:30:22 2021 CST <lqg@qiguanglin-LC1>
# name: Map
# type: matrix
# rows: 56
# columns: 3
 1 3 1
 1 5 1
 1 7 1
 1 8 1
 2 1 1
 2 3 1
 2 4 1
 2 6 1
 2 7 1
 2 8 1
 2 9 1
 2 10 1
 3 4 1
 3 7 1
 3 8 1
 3 10 1
 4 1 1
 4 2 1
 4 3 1
 4 5 1
 4 6 1
 4 7 1
 4 8 1
 4 10 1
 5 4 1
 5 6 1
 5 8 1
 5 10 1
 6 1 1
 6 8 1
 6 9 1
 6 10 1
 7 1 1
 7 3 1
 7 4 1
 7 5 1
 7 6 1
 7 8 1
 7 9 1
 7 10 1
 8 1 1
 8 2 1
 8 5 1
 8 6 1
 8 7 1
 9 2 1
 9 4 1
 9 5 1
 9 7 1
 9 8 1
 9 10 1
 10 1 1
 10 3 1
 10 4 1
 10 7 1
 10 8 1


