# Created by Octave 4.2.2, Mon Dec 13 20:30:41 2021 CST <lqg@qiguanglin-LC1>
# name: Map
# type: matrix
# rows: 1474
# columns: 3
 1 2 1
 1 4 1
 1 6 1
 1 8 1
 1 10 1
 1 11 1
 1 12 1
 1 13 1
 1 14 1
 1 15 1
 1 16 1
 1 17 1
 1 20 1
 1 21 1
 1 23 1
 1 26 1
 1 27 1
 1 28 1
 1 29 1
 1 30 1
 1 31 1
 1 33 1
 1 34 1
 1 35 1
 1 37 1
 1 39 1
 1 43 1
 1 44 1
 1 45 1
 1 46 1
 2 3 1
 2 5 1
 2 6 1
 2 9 1
 2 11 1
 2 12 1
 2 14 1
 2 15 1
 2 17 1
 2 20 1
 2 22 1
 2 23 1
 2 24 1
 2 25 1
 2 26 1
 2 28 1
 2 31 1
 2 33 1
 2 35 1
 2 37 1
 2 38 1
 2 41 1
 2 43 1
 2 44 1
 2 45 1
 2 46 1
 2 47 1
 2 48 1
 2 49 1
 2 50 1
 3 1 1
 3 2 1
 3 4 1
 3 5 1
 3 7 1
 3 8 1
 3 11 1
 3 12 1
 3 14 1
 3 15 1
 3 17 1
 3 18 1
 3 21 1
 3 22 1
 3 23 1
 3 26 1
 3 27 1
 3 30 1
 3 32 1
 3 34 1
 3 35 1
 3 37 1
 3 39 1
 3 41 1
 3 43 1
 3 44 1
 3 45 1
 3 47 1
 3 48 1
 4 3 1
 4 5 1
 4 6 1
 4 8 1
 4 13 1
 4 14 1
 4 15 1
 4 17 1
 4 18 1
 4 20 1
 4 21 1
 4 22 1
 4 23 1
 4 24 1
 4 30 1
 4 31 1
 4 33 1
 4 34 1
 4 35 1
 4 36 1
 4 37 1
 4 38 1
 4 40 1
 4 41 1
 4 42 1
 4 43 1
 4 44 1
 4 45 1
 4 46 1
 4 47 1
 4 49 1
 5 1 1
 5 7 1
 5 8 1
 5 11 1
 5 13 1
 5 15 1
 5 17 1
 5 18 1
 5 21 1
 5 22 1
 5 23 1
 5 24 1
 5 25 1
 5 26 1
 5 27 1
 5 28 1
 5 33 1
 5 34 1
 5 35 1
 5 36 1
 5 38 1
 5 39 1
 5 40 1
 5 41 1
 5 42 1
 5 44 1
 5 45 1
 5 47 1
 5 48 1
 5 50 1
 6 1 1
 6 2 1
 6 3 1
 6 4 1
 6 8 1
 6 11 1
 6 12 1
 6 13 1
 6 16 1
 6 17 1
 6 18 1
 6 20 1
 6 21 1
 6 24 1
 6 25 1
 6 31 1
 6 32 1
 6 33 1
 6 34 1
 6 37 1
 6 38 1
 6 39 1
 6 40 1
 6 41 1
 6 42 1
 6 43 1
 6 47 1
 6 48 1
 6 50 1
 7 2 1
 7 3 1
 7 4 1
 7 6 1
 7 8 1
 7 9 1
 7 10 1
 7 11 1
 7 12 1
 7 13 1
 7 14 1
 7 15 1
 7 16 1
 7 18 1
 7 21 1
 7 25 1
 7 26 1
 7 27 1
 7 28 1
 7 29 1
 7 31 1
 7 34 1
 7 35 1
 7 36 1
 7 37 1
 7 38 1
 7 39 1
 7 42 1
 7 45 1
 7 46 1
 7 49 1
 8 1 1
 8 3 1
 8 5 1
 8 9 1
 8 10 1
 8 11 1
 8 12 1
 8 13 1
 8 14 1
 8 15 1
 8 16 1
 8 17 1
 8 18 1
 8 19 1
 8 20 1
 8 23 1
 8 25 1
 8 26 1
 8 27 1
 8 29 1
 8 32 1
 8 33 1
 8 36 1
 8 37 1
 8 38 1
 8 41 1
 8 42 1
 8 43 1
 8 47 1
 8 48 1
 8 49 1
 9 1 1
 9 3 1
 9 5 1
 9 7 1
 9 10 1
 9 11 1
 9 12 1
 9 15 1
 9 18 1
 9 19 1
 9 20 1
 9 27 1
 9 28 1
 9 31 1
 9 32 1
 9 34 1
 9 35 1
 9 36 1
 9 37 1
 9 40 1
 9 44 1
 9 46 1
 9 47 1
 9 50 1
 10 3 1
 10 4 1
 10 8 1
 10 11 1
 10 12 1
 10 14 1
 10 17 1
 10 18 1
 10 19 1
 10 21 1
 10 24 1
 10 25 1
 10 26 1
 10 28 1
 10 30 1
 10 31 1
 10 34 1
 10 36 1
 10 38 1
 10 39 1
 10 40 1
 10 41 1
 10 43 1
 10 44 1
 10 47 1
 10 48 1
 10 49 1
 11 1 1
 11 3 1
 11 5 1
 11 6 1
 11 10 1
 11 13 1
 11 14 1
 11 16 1
 11 17 1
 11 18 1
 11 19 1
 11 20 1
 11 22 1
 11 23 1
 11 24 1
 11 29 1
 11 30 1
 11 31 1
 11 32 1
 11 33 1
 11 34 1
 11 36 1
 11 37 1
 11 39 1
 11 40 1
 11 41 1
 11 43 1
 11 44 1
 11 45 1
 11 46 1
 11 47 1
 11 50 1
 12 2 1
 12 3 1
 12 4 1
 12 5 1
 12 8 1
 12 10 1
 12 13 1
 12 14 1
 12 18 1
 12 19 1
 12 22 1
 12 23 1
 12 24 1
 12 25 1
 12 27 1
 12 28 1
 12 32 1
 12 33 1
 12 36 1
 12 37 1
 12 39 1
 12 42 1
 12 43 1
 12 44 1
 12 50 1
 13 3 1
 13 4 1
 13 6 1
 13 8 1
 13 9 1
 13 10 1
 13 11 1
 13 15 1
 13 17 1
 13 18 1
 13 19 1
 13 20 1
 13 21 1
 13 23 1
 13 24 1
 13 26 1
 13 27 1
 13 28 1
 13 29 1
 13 32 1
 13 33 1
 13 34 1
 13 35 1
 13 37 1
 13 38 1
 13 39 1
 13 40 1
 13 41 1
 13 42 1
 13 43 1
 13 45 1
 13 46 1
 13 48 1
 13 49 1
 14 1 1
 14 2 1
 14 3 1
 14 4 1
 14 5 1
 14 7 1
 14 10 1
 14 11 1
 14 13 1
 14 15 1
 14 17 1
 14 19 1
 14 21 1
 14 22 1
 14 23 1
 14 24 1
 14 27 1
 14 28 1
 14 29 1
 14 31 1
 14 33 1
 14 34 1
 14 35 1
 14 36 1
 14 39 1
 14 43 1
 14 44 1
 14 45 1
 14 47 1
 14 48 1
 14 49 1
 15 2 1
 15 3 1
 15 4 1
 15 6 1
 15 7 1
 15 11 1
 15 12 1
 15 14 1
 15 16 1
 15 20 1
 15 23 1
 15 28 1
 15 30 1
 15 33 1
 15 34 1
 15 36 1
 15 38 1
 15 40 1
 15 41 1
 15 42 1
 15 43 1
 15 45 1
 15 46 1
 15 47 1
 15 49 1
 15 50 1
 16 2 1
 16 4 1
 16 5 1
 16 6 1
 16 8 1
 16 12 1
 16 13 1
 16 15 1
 16 18 1
 16 19 1
 16 20 1
 16 24 1
 16 27 1
 16 28 1
 16 29 1
 16 30 1
 16 31 1
 16 32 1
 16 35 1
 16 36 1
 16 38 1
 16 39 1
 16 41 1
 16 42 1
 16 44 1
 16 45 1
 16 46 1
 16 47 1
 16 48 1
 16 49 1
 16 50 1
 17 2 1
 17 4 1
 17 8 1
 17 10 1
 17 12 1
 17 16 1
 17 18 1
 17 19 1
 17 20 1
 17 22 1
 17 23 1
 17 24 1
 17 25 1
 17 27 1
 17 28 1
 17 29 1
 17 30 1
 17 33 1
 17 35 1
 17 37 1
 17 39 1
 17 40 1
 17 42 1
 17 43 1
 17 45 1
 17 46 1
 17 48 1
 17 49 1
 17 50 1
 18 1 1
 18 3 1
 18 8 1
 18 10 1
 18 11 1
 18 12 1
 18 13 1
 18 15 1
 18 16 1
 18 19 1
 18 20 1
 18 21 1
 18 23 1
 18 24 1
 18 25 1
 18 26 1
 18 27 1
 18 29 1
 18 32 1
 18 35 1
 18 37 1
 18 38 1
 18 40 1
 18 41 1
 18 43 1
 18 44 1
 18 47 1
 18 50 1
 19 3 1
 19 5 1
 19 6 1
 19 11 1
 19 12 1
 19 13 1
 19 14 1
 19 16 1
 19 17 1
 19 18 1
 19 21 1
 19 24 1
 19 29 1
 19 30 1
 19 31 1
 19 32 1
 19 35 1
 19 39 1
 19 41 1
 19 42 1
 19 43 1
 19 45 1
 19 46 1
 19 50 1
 20 1 1
 20 2 1
 20 3 1
 20 5 1
 20 7 1
 20 9 1
 20 10 1
 20 13 1
 20 19 1
 20 21 1
 20 22 1
 20 23 1
 20 24 1
 20 25 1
 20 28 1
 20 29 1
 20 30 1
 20 35 1
 20 36 1
 20 37 1
 20 40 1
 20 41 1
 20 42 1
 20 44 1
 20 47 1
 20 48 1
 21 1 1
 21 2 1
 21 3 1
 21 6 1
 21 8 1
 21 10 1
 21 11 1
 21 12 1
 21 13 1
 21 14 1
 21 15 1
 21 16 1
 21 17 1
 21 18 1
 21 19 1
 21 22 1
 21 25 1
 21 26 1
 21 27 1
 21 28 1
 21 29 1
 21 30 1
 21 31 1
 21 36 1
 21 37 1
 21 38 1
 21 39 1
 21 41 1
 21 42 1
 21 43 1
 21 44 1
 21 45 1
 21 46 1
 21 48 1
 21 49 1
 21 50 1
 22 1 1
 22 3 1
 22 5 1
 22 9 1
 22 11 1
 22 15 1
 22 16 1
 22 19 1
 22 23 1
 22 25 1
 22 26 1
 22 28 1
 22 29 1
 22 30 1
 22 31 1
 22 32 1
 22 35 1
 22 39 1
 22 40 1
 22 41 1
 22 43 1
 22 45 1
 22 46 1
 22 47 1
 22 48 1
 22 49 1
 23 1 1
 23 2 1
 23 4 1
 23 5 1
 23 6 1
 23 7 1
 23 10 1
 23 12 1
 23 13 1
 23 14 1
 23 15 1
 23 17 1
 23 18 1
 23 19 1
 23 20 1
 23 24 1
 23 25 1
 23 27 1
 23 28 1
 23 29 1
 23 30 1
 23 32 1
 23 34 1
 23 35 1
 23 36 1
 23 37 1
 23 38 1
 23 39 1
 23 41 1
 23 43 1
 23 44 1
 23 45 1
 23 48 1
 23 49 1
 24 1 1
 24 2 1
 24 3 1
 24 5 1
 24 6 1
 24 7 1
 24 11 1
 24 12 1
 24 14 1
 24 16 1
 24 17 1
 24 18 1
 24 19 1
 24 22 1
 24 23 1
 24 25 1
 24 26 1
 24 29 1
 24 30 1
 24 31 1
 24 34 1
 24 35 1
 24 38 1
 24 39 1
 24 40 1
 24 41 1
 24 43 1
 24 44 1
 24 48 1
 24 49 1
 24 50 1
 25 1 1
 25 2 1
 25 5 1
 25 7 1
 25 8 1
 25 9 1
 25 10 1
 25 11 1
 25 12 1
 25 13 1
 25 14 1
 25 17 1
 25 18 1
 25 20 1
 25 22 1
 25 23 1
 25 24 1
 25 26 1
 25 27 1
 25 30 1
 25 32 1
 25 33 1
 25 35 1
 25 36 1
 25 37 1
 25 39 1
 25 40 1
 25 41 1
 25 43 1
 25 45 1
 25 46 1
 25 47 1
 25 49 1
 25 50 1
 26 1 1
 26 3 1
 26 5 1
 26 6 1
 26 10 1
 26 13 1
 26 14 1
 26 15 1
 26 16 1
 26 18 1
 26 19 1
 26 20 1
 26 21 1
 26 22 1
 26 24 1
 26 27 1
 26 28 1
 26 32 1
 26 35 1
 26 39 1
 26 40 1
 26 44 1
 26 47 1
 26 48 1
 26 49 1
 27 2 1
 27 3 1
 27 4 1
 27 5 1
 27 6 1
 27 7 1
 27 8 1
 27 9 1
 27 12 1
 27 13 1
 27 15 1
 27 16 1
 27 20 1
 27 22 1
 27 26 1
 27 28 1
 27 31 1
 27 32 1
 27 34 1
 27 35 1
 27 38 1
 27 39 1
 27 40 1
 27 41 1
 27 44 1
 27 45 1
 28 3 1
 28 5 1
 28 7 1
 28 8 1
 28 9 1
 28 12 1
 28 14 1
 28 15 1
 28 16 1
 28 18 1
 28 19 1
 28 20 1
 28 21 1
 28 23 1
 28 24 1
 28 27 1
 28 29 1
 28 31 1
 28 35 1
 28 38 1
 28 39 1
 28 40 1
 28 41 1
 28 42 1
 28 43 1
 28 45 1
 28 46 1
 28 49 1
 29 3 1
 29 4 1
 29 5 1
 29 7 1
 29 9 1
 29 10 1
 29 11 1
 29 13 1
 29 14 1
 29 16 1
 29 17 1
 29 19 1
 29 20 1
 29 21 1
 29 22 1
 29 24 1
 29 25 1
 29 26 1
 29 27 1
 29 28 1
 29 30 1
 29 31 1
 29 32 1
 29 34 1
 29 36 1
 29 37 1
 29 39 1
 29 40 1
 29 44 1
 29 45 1
 29 47 1
 29 48 1
 29 50 1
 30 3 1
 30 5 1
 30 8 1
 30 10 1
 30 13 1
 30 14 1
 30 15 1
 30 17 1
 30 19 1
 30 20 1
 30 21 1
 30 22 1
 30 23 1
 30 24 1
 30 26 1
 30 27 1
 30 33 1
 30 34 1
 30 38 1
 30 39 1
 30 42 1
 30 43 1
 30 44 1
 30 46 1
 30 47 1
 30 50 1
 31 1 1
 31 2 1
 31 4 1
 31 5 1
 31 6 1
 31 7 1
 31 9 1
 31 10 1
 31 12 1
 31 13 1
 31 15 1
 31 16 1
 31 19 1
 31 21 1
 31 25 1
 31 28 1
 31 29 1
 31 34 1
 31 35 1
 31 36 1
 31 38 1
 31 41 1
 31 44 1
 31 45 1
 31 46 1
 31 50 1
 32 2 1
 32 3 1
 32 6 1
 32 7 1
 32 9 1
 32 11 1
 32 12 1
 32 14 1
 32 15 1
 32 16 1
 32 17 1
 32 19 1
 32 22 1
 32 23 1
 32 25 1
 32 26 1
 32 27 1
