# Created by Octave 4.2.2, Mon Dec 13 20:30:34 2021 CST <lqg@qiguanglin-LC1>
# name: Map
# type: matrix
# rows: 921
# columns: 3
 1 3 1
 1 4 1
 1 6 1
 1 7 1
 1 8 1
 1 9 1
 1 13 1
 1 15 1
 1 18 1
 1 19 1
 1 20 1
 1 21 1
 1 22 1
 1 23 1
 1 26 1
 1 28 1
 1 30 1
 1 31 1
 1 35 1
 1 36 1
 1 39 1
 1 40 1
 2 4 1
 2 5 1
 2 7 1
 2 9 1
 2 14 1
 2 18 1
 2 20 1
 2 21 1
 2 22 1
 2 23 1
 2 27 1
 2 29 1
 2 30 1
 2 31 1
 2 32 1
 2 33 1
 2 34 1
 2 36 1
 2 39 1
 2 40 1
 3 2 1
 3 6 1
 3 7 1
 3 8 1
 3 10 1
 3 11 1
 3 12 1
 3 13 1
 3 14 1
 3 16 1
 3 17 1
 3 18 1
 3 19 1
 3 20 1
 3 21 1
 3 22 1
 3 23 1
 3 27 1
 3 28 1
 3 29 1
 3 32 1
 3 33 1
 3 34 1
 3 35 1
 3 36 1
 3 37 1
 3 39 1
 3 40 1
 4 1 1
 4 2 1
 4 5 1
 4 6 1
 4 7 1
 4 8 1
 4 11 1
 4 15 1
 4 16 1
 4 17 1
 4 19 1
 4 20 1
 4 22 1
 4 24 1
 4 27 1
 4 30 1
 4 31 1
 4 34 1
 4 37 1
 4 38 1
 4 39 1
 5 2 1
 5 3 1
 5 4 1
 5 7 1
 5 8 1
 5 10 1
 5 11 1
 5 12 1
 5 14 1
 5 16 1
 5 17 1
 5 20 1
 5 22 1
 5 25 1
 5 29 1
 5 30 1
 5 31 1
 5 32 1
 5 33 1
 5 35 1
 5 36 1
 5 38 1
 5 39 1
 6 9 1
 6 10 1
 6 11 1
 6 12 1
 6 13 1
 6 17 1
 6 19 1
 6 21 1
 6 22 1
 6 24 1
 6 26 1
 6 29 1
 6 31 1
 6 32 1
 6 33 1
 6 34 1
 6 35 1
 6 38 1
 6 40 1
 7 2 1
 7 3 1
 7 5 1
 7 6 1
 7 8 1
 7 9 1
 7 10 1
 7 12 1
 7 15 1
 7 16 1
 7 18 1
 7 19 1
 7 21 1
 7 24 1
 7 26 1
 7 27 1
 7 28 1
 7 31 1
 7 32 1
 7 33 1
 7 35 1
 7 36 1
 7 38 1
 7 39 1
 8 4 1
 8 5 1
 8 7 1
 8 9 1
 8 10 1
 8 11 1
 8 14 1
 8 16 1
 8 18 1
 8 19 1
 8 21 1
 8 26 1
 8 30 1
 8 32 1
 8 38 1
 9 11 1
 9 12 1
 9 14 1
 9 15 1
 9 20 1
 9 21 1
 9 22 1
 9 26 1
 9 27 1
 9 35 1
 9 36 1
 9 37 1
 9 38 1
 9 39 1
 9 40 1
 10 1 1
 10 2 1
 10 4 1
 10 5 1
 10 6 1
 10 7 1
 10 9 1
 10 11 1
 10 12 1
 10 13 1
 10 15 1
 10 17 1
 10 18 1
 10 19 1
 10 20 1
 10 21 1
 10 26 1
 10 27 1
 10 29 1
 10 30 1
 10 31 1
 10 32 1
 10 33 1
 10 34 1
 10 35 1
 10 38 1
 10 39 1
 10 40 1
 11 1 1
 11 2 1
 11 4 1
 11 6 1
 11 8 1
 11 9 1
 11 13 1
 11 14 1
 11 15 1
 11 17 1
 11 18 1
 11 19 1
 11 20 1
 11 23 1
 11 24 1
 11 26 1
 11 28 1
 11 29 1
 11 30 1
 11 32 1
 11 33 1
 11 34 1
 11 40 1
 12 1 1
 12 2 1
 12 3 1
 12 5 1
 12 6 1
 12 7 1
 12 8 1
 12 9 1
 12 10 1
 12 14 1
 12 16 1
 12 17 1
 12 18 1
 12 19 1
 12 21 1
 12 22 1
 12 23 1
 12 25 1
 12 27 1
 12 31 1
 12 33 1
 12 35 1
 12 36 1
 12 37 1
 12 38 1
 12 39 1
 12 40 1
 13 1 1
 13 2 1
 13 3 1
 13 4 1
 13 6 1
 13 8 1
 13 9 1
 13 10 1
 13 11 1
 13 12 1
 13 14 1
 13 15 1
 13 18 1
 13 19 1
 13 21 1
 13 23 1
 13 24 1
 13 26 1
 13 27 1
 13 28 1
 13 29 1
 13 30 1
 13 33 1
 13 34 1
 13 35 1
 13 36 1
 13 39 1
 13 40 1
 14 2 1
 14 3 1
 14 4 1
 14 5 1
 14 6 1
 14 7 1
 14 11 1
 14 12 1
 14 15 1
 14 16 1
 14 18 1
 14 21 1
 14 22 1
 14 23 1
 14 25 1
 14 27 1
 14 28 1
 14 29 1
 14 30 1
 14 31 1
 14 32 1
 14 34 1
 14 35 1
 14 37 1
 14 38 1
 14 39 1
 14 40 1
 15 4 1
 15 6 1
 15 7 1
 15 8 1
 15 9 1
 15 10 1
 15 13 1
 15 14 1
 15 18 1
 15 19 1
 15 20 1
 15 22 1
 15 23 1
 15 25 1
 15 28 1
 15 30 1
 15 32 1
 15 33 1
 15 34 1
 15 35 1
 15 38 1
 15 39 1
 15 40 1
 16 1 1
 16 2 1
 16 3 1
 16 5 1
 16 6 1
 16 7 1
 16 11 1
 16 12 1
 16 13 1
 16 15 1
 16 18 1
 16 19 1
 16 22 1
 16 23 1
 16 27 1
 16 29 1
 16 33 1
 16 35 1
 16 37 1
 16 38 1
 16 40 1
 17 2 1
 17 4 1
 17 5 1
 17 6 1
 17 7 1
 17 8 1
 17 10 1
 17 11 1
 17 12 1
 17 13 1
 17 16 1
 17 19 1
 17 23 1
 17 24 1
 17 27 1
 17 28 1
 17 32 1
 17 33 1
 17 34 1
 17 35 1
 17 39 1
 17 40 1
 18 2 1
 18 3 1
 18 5 1
 18 6 1
 18 8 1
 18 9 1
 18 10 1
 18 11 1
 18 13 1
 18 15 1
 18 17 1
 18 19 1
 18 20 1
 18 21 1
 18 24 1
 18 25 1
 18 27 1
 18 30 1
 18 31 1
 18 32 1
 18 33 1
 18 35 1
 18 36 1
 18 37 1
 18 38 1
 18 40 1
 19 1 1
 19 2 1
 19 3 1
 19 4 1
 19 5 1
 19 6 1
 19 9 1
 19 10 1
 19 13 1
 19 14 1
 19 15 1
 19 18 1
 19 21 1
 19 22 1
 19 23 1
 19 26 1
 19 27 1
 19 28 1
 19 30 1
 19 31 1
 19 32 1
 19 33 1
 19 34 1
 19 37 1
 19 38 1
 19 40 1
 20 3 1
 20 5 1
 20 9 1
 20 10 1
 20 12 1
 20 14 1
 20 16 1
 20 18 1
 20 21 1
 20 22 1
 20 23 1
 20 27 1
 20 28 1
 20 30 1
 20 31 1
 20 32 1
 20 37 1
 20 38 1
 20 40 1
 21 1 1
 21 2 1
 21 3 1
 21 5 1
 21 6 1
 21 7 1
 21 8 1
 21 10 1
 21 11 1
 21 14 1
 21 19 1
 21 20 1
 21 22 1
 21 23 1
 21 24 1
 21 25 1
 21 27 1
 21 31 1
 21 36 1
 21 38 1
 21 39 1
 21 40 1
 22 1 1
 22 2 1
 22 3 1
 22 5 1
 22 7 1
 22 8 1
 22 9 1
 22 10 1
 22 11 1
 22 12 1
 22 15 1
 22 17 1
 22 18 1
 22 19 1
 22 20 1
 22 24 1
 22 25 1
 22 28 1
 22 29 1
 22 30 1
 22 31 1
 22 32 1
 22 33 1
 22 36 1
 22 37 1
 22 38 1
 22 39 1
 23 1 1
 23 3 1
 23 4 1
 23 5 1
 23 6 1
 23 7 1
 23 8 1
 23 9 1
 23 11 1
 23 13 1
 23 14 1
 23 15 1
 23 16 1
 23 17 1
 23 18 1
 23 19 1
 23 20 1
 23 25 1
 23 28 1
 23 29 1
 23 30 1
 23 31 1
 23 34 1
 23 36 1
 23 37 1
 23 38 1
 23 39 1
 23 40 1
 24 2 1
 24 3 1
 24 4 1
 24 5 1
 24 6 1
 24 7 1
 24 8 1
 24 10 1
 24 13 1
 24 14 1
 24 15 1
 24 16 1
 24 22 1
 24 23 1
 24 25 1
 24 28 1
 24 29 1
 24 30 1
 24 31 1
 24 33 1
 24 35 1
 24 36 1
 24 38 1
 24 39 1
 24 40 1
 25 1 1
 25 5 1
 25 6 1
 25 8 1
 25 9 1
 25 11 1
 25 12 1
 25 14 1
 25 15 1
 25 16 1
 25 19 1
 25 20 1
 25 26 1
 25 29 1
 25 31 1
 25 34 1
 25 35 1
 25 36 1
 25 37 1
 25 38 1
 25 40 1
 26 2 1
 26 4 1
 26 5 1
 26 9 1
 26 10 1
 26 15 1
 26 16 1
 26 17 1
 26 18 1
 26 19 1
 26 23 1
 26 24 1
 26 28 1
 26 36 1
 26 38 1
 27 1 1
 27 2 1
 27 3 1
 27 4 1
 27 6 1
 27 7 1
 27 8 1
 27 11 1
 27 14 1
 27 15 1
 27 16 1
 27 18 1
 27 22 1
 27 23 1
 27 24 1
 27 25 1
 27 26 1
 27 31 1
 27 33 1
 27 35 1
 27 36 1
 27 39 1
 28 1 1
 28 2 1
 28 3 1
 28 5 1
 28 6 1
 28 8 1
 28 9 1
 28 10 1
 28 11 1
 28 13 1
 28 14 1
 28 15 1
 28 16 1
 28 17 1
 28 19 1
 28 21 1
 28 22 1
 28 24 1
 28 27 1
 28 29 1
 28 30 1
 28 32 1
 28 35 1
 28 36 1
 28 38 1
 28 39 1
 28 40 1
 29 1 1
 29 3 1
 29 4 1
 29 6 1
 29 7 1
 29 8 1
 29 9 1
 29 11 1
 29 12 1
 29 19 1
 29 20 1
 29 21 1
 29 22 1
 29 24 1
 29 25 1
 29 27 1
 29 31 1
 29 32 1
 29 33 1
 29 34 1
 29 35 1
 29 36 1
 29 37 1
 29 38 1
 30 1 1
 30 4 1
 30 5 1
 30 6 1
 30 9 1
 30 10 1
 30 11 1
 30 13 1
 30 18 1
 30 21 1
 30 22 1
 30 23 1
 30 24 1
 30 26 1
 30 32 1
 30 34 1
 30 35 1
 30 36 1
 30 37 1
 30 38 1
 31 2 1
 31 3 1
 31 5 1
 31 6 1
 31 9 1
 31 10 1
 31 11 1
 31 14 1
 31 15 1
 31 16 1
 31 19 1
 31 20 1
 31 22 1
 31 23 1
 31 25 1
 31 26 1
 31 29 1
 31 30 1
 31 32 1
 31 33 1
 31 34 1
 31 35 1
 31 36 1
 31 37 1
 31 38 1
 31 39 1
 32 3 1
 32 5 1
 32 9 1
 32 10 1
 32 13 1
 32 14 1
 32 15 1
 32 16 1
 32 17 1
 32 19 1
 32 20 1
 32 23 1
 32 24 1
 32 28 1
 32 31 1
 32 34 1
 32 38 1
 32 39 1
 33 2 1
 33 3 1
 33 4 1
 33 6 1
 33 7 1
 33 9 1
 33 10 1
 33 12 1
 33 13 1
 33 17 1
 33 19 1
 33 20 1
 33 21 1
 33 22 1
 33 25 1
 33 26 1
 33 27 1
 33 28 1
 33 30 1
 33 31 1
 33 35 1
 33 36 1
 33 37 1
 33 38 1
 33 39 1
 34 1 1
 34 2 1
 34 3 1
 34 4 1
 34 5 1
 34 6 1
 34 7 1
 34 8 1
 34 12 1
 34 13 1
 34 14 1
 34 15 1
 34 19 1
 34 20 1
 34 21 1
 34 22 1
 34 23 1
 34 25 1
 34 27 1
 34 29 1
 34 31 1
 34 33 1
 34 35 1
 34 36 1
 34 37 1
 34 39 1
 34 40 1
 35 3 1
 35 4 1
 35 6 1
 35 7 1
 35 9 1
 35 10 1
 35 11 1
 35 12 1
 35 14 1
 35 15 1
 35 16 1
 35 18 1
 35 21 1
 35 22 1
 35 26 1
 35 29 1
 35 30 1
 35 32 1
 35 38 1
 36 1 1
 36 2 1
 36 3 1
 36 4 1
 36 5 1
 36 7 1
 36 9 1
 36 13 1
 36 14 1
 36 15 1
 36 16 1
 36 17 1
 36 18 1
 36 20 1
 36 23 1
 36 26 1
 36 27 1
 36 29 1
 36 30 1
 36 32 1
 36 34 1
 36 35 1
 36 37 1
 36 39 1
 37 1 1
 37 2 1
 37 3 1
 37 6 1
 37 7 1
 37 9 1
 37 10 1
 37 13 1
 37 14 1
 37 15 1
 37 17 1
 37 18 1
 37 20 1
 37 21 1
 37 23 1
 37 26 1
 37 28 1
 37 31 1
 37 32 1
 37 33 1
 37 34 1
 37 36 1
 37 38 1
 37 39 1
 37 40 1
 38 1 1
 38 3 1
 38 5 1
 38 6 1
 38 8 1
 38 9 1
 38 10 1
 38 11 1
 38 13 1
 38 14 1
 38 15 1
 38 17 1
 38 18 1
 38 19 1
 38 21 1
 38 27 1
 38 28 1
 38 29 1
 38 30 1
 38 33 1
 38 34 1
 38 35 1
 38 39 1
 38 40 1
 39 2 1
 39 8 1
 39 10 1
 39 12 1
 39 13 1
 39 15 1
 39 17 1
 39 18 1
 39 20 1
 39 22 1
 39 23 1
 39 25 1
 39 26 1
 39 27 1
 39 28 1
 39 30 1
 39 33 1
 39 35 1
 39 36 1
 39 37 1
 39 38 1
 39 40 1
 40 2 1
 40 4 1
 40 7 1
 40 8 1
 40 9 1
 40 10 1
 40 11 1
 40 12 1
 40 16 1
 40 17 1
 40 21 1
 40 22 1
 40 23 1
 40 24 1
 40 28 1
 40 30 1
 40 31 1
 40 32 1
 40 33 1
 40 34 1
 40 35 1
