# Created by Octave 4.2.2, Mon Dec 13 20:30:49 2021 CST <lqg@qiguanglin-LC1>
# name: Map
# type: matrix
# rows: 1414
# columns: 3
 1 2 1
 1 3 1
 1 4 1
 1 5 1
 1 6 1
 1 8 1
 1 9 1
 1 11 1
 1 13 1
 1 14 1
 1 15 1
 1 16 1
 1 17 1
 1 21 1
 1 23 1
 1 25 1
 1 26 1
 1 28 1
 1 29 1
 1 31 1
 1 33 1
 1 34 1
 1 35 1
 1 36 1
 1 37 1
 1 38 1
 1 39 1
 1 44 1
 1 46 1
 1 47 1
 1 48 1
 1 49 1
 2 1 1
 2 4 1
 2 5 1
 2 7 1
 2 8 1
 2 11 1
 2 12 1
 2 13 1
 2 14 1
 2 16 1
 2 17 1
 2 18 1
 2 22 1
 2 23 1
 2 24 1
 2 26 1
 2 28 1
 2 29 1
 2 30 1
 2 32 1
 2 33 1
 2 35 1
 2 37 1
 2 38 1
 2 39 1
 2 41 1
 2 42 1
 2 44 1
 2 45 1
 2 46 1
 2 47 1
 2 48 1
 2 50 1
 3 1 1
 3 4 1
 3 5 1
 3 6 1
 3 7 1
 3 9 1
 3 10 1
 3 11 1
 3 12 1
 3 13 1
 3 14 1
 3 16 1
 3 17 1
 3 19 1
 3 20 1
 3 21 1
 3 23 1
 3 26 1
 3 28 1
 3 29 1
 3 30 1
 3 31 1
 3 37 1
 3 38 1
 3 40 1
 3 44 1
 3 45 1
 3 46 1
 3 48 1
 3 50 1
 4 2 1
 4 3 1
 4 5 1
 4 6 1
 4 7 1
 4 9 1
 4 10 1
 4 11 1
 4 12 1
 4 13 1
 4 14 1
 4 17 1
 4 19 1
 4 20 1
 4 21 1
 4 23 1
 4 24 1
 4 26 1
 4 28 1
 4 30 1
 4 32 1
 4 34 1
 4 35 1
 4 37 1
 4 38 1
 4 39 1
 4 40 1
 4 43 1
 4 44 1
 4 45 1
 4 47 1
 4 48 1
 4 50 1
 5 1 1
 5 2 1
 5 3 1
 5 4 1
 5 6 1
 5 7 1
 5 8 1
 5 9 1
 5 11 1
 5 12 1
 5 13 1
 5 14 1
 5 15 1
 5 16 1
 5 19 1
 5 20 1
 5 23 1
 5 24 1
 5 27 1
 5 29 1
 5 30 1
 5 32 1
 5 33 1
 5 35 1
 5 36 1
 5 38 1
 5 40 1
 5 42 1
 5 45 1
 5 46 1
 5 47 1
 5 48 1
 5 50 1
 6 1 1
 6 4 1
 6 5 1
 6 9 1
 6 10 1
 6 11 1
 6 13 1
 6 14 1
 6 17 1
 6 18 1
 6 22 1
 6 23 1
 6 24 1
 6 26 1
 6 31 1
 6 32 1
 6 34 1
 6 36 1
 6 38 1
 6 40 1
 6 42 1
 6 45 1
 6 46 1
 6 47 1
 6 48 1
 6 50 1
 7 3 1
 7 5 1
 7 6 1
 7 8 1
 7 9 1
 7 11 1
 7 14 1
 7 16 1
 7 17 1
 7 20 1
 7 23 1
 7 24 1
 7 25 1
 7 28 1
 7 30 1
 7 31 1
 7 32 1
 7 33 1
 7 38 1
 7 40 1
 7 41 1
 7 46 1
 7 47 1
 7 49 1
 8 3 1
 8 4 1
 8 5 1
 8 7 1
 8 9 1
 8 10 1
 8 11 1
 8 12 1
 8 13 1
 8 15 1
 8 16 1
 8 19 1
 8 27 1
 8 30 1
 8 33 1
 8 34 1
 8 35 1
 8 36 1
 8 37 1
 8 38 1
 8 40 1
 8 41 1
 8 42 1
 8 43 1
 8 44 1
 8 45 1
 8 46 1
 8 47 1
 8 48 1
 8 49 1
 9 2 1
 9 6 1
 9 7 1
 9 8 1
 9 11 1
 9 12 1
 9 13 1
 9 14 1
 9 16 1
 9 18 1
 9 19 1
 9 20 1
 9 21 1
 9 22 1
 9 24 1
 9 25 1
 9 26 1
 9 27 1
 9 28 1
 9 29 1
 9 30 1
 9 31 1
 9 32 1
 9 34 1
 9 38 1
 9 39 1
 9 40 1
 9 41 1
 9 43 1
 9 44 1
 9 46 1
 9 47 1
 9 49 1
 9 50 1
 10 1 1
 10 3 1
 10 5 1
 10 6 1
 10 9 1
 10 14 1
 10 15 1
 10 16 1
 10 19 1
 10 20 1
 10 21 1
 10 22 1
 10 24 1
 10 25 1
 10 29 1
 10 31 1
 10 32 1
 10 33 1
 10 34 1
 10 38 1
 10 39 1
 10 40 1
 10 41 1
 10 46 1
 10 47 1
 11 1 1
 11 5 1
 11 9 1
 11 13 1
 11 15 1
 11 16 1
 11 19 1
 11 26 1
 11 29 1
 11 31 1
 11 32 1
 11 33 1
 11 36 1
 11 43 1
 11 45 1
 11 46 1
 11 50 1
 12 1 1
 12 3 1
 12 4 1
 12 5 1
 12 6 1
 12 7 1
 12 11 1
 12 14 1
 12 15 1
 12 16 1
 12 17 1
 12 18 1
 12 19 1
 12 20 1
 12 22 1
 12 24 1
 12 25 1
 12 27 1
 12 28 1
 12 29 1
 12 30 1
 12 32 1
 12 35 1
 12 36 1
 12 37 1
 12 40 1
 12 43 1
 12 46 1
 12 47 1
 12 48 1
 13 1 1
 13 2 1
 13 3 1
 13 9 1
 13 11 1
 13 12 1
 13 16 1
 13 17 1
 13 19 1
 13 22 1
 13 24 1
 13 28 1
 13 30 1
 13 32 1
 13 33 1
 13 36 1
 13 40 1
 13 44 1
 13 46 1
 13 47 1
 13 48 1
 13 49 1
 14 1 1
 14 2 1
 14 3 1
 14 5 1
 14 8 1
 14 9 1
 14 10 1
 14 12 1
 14 13 1
 14 16 1
 14 18 1
 14 19 1
 14 21 1
 14 23 1
 14 24 1
 14 25 1
 14 26 1
 14 27 1
 14 28 1
 14 33 1
 14 34 1
 14 35 1
 14 36 1
 14 38 1
 14 40 1
 14 41 1
 14 43 1
 14 45 1
 14 46 1
 14 47 1
 14 48 1
 14 50 1
 15 8 1
 15 17 1
 15 19 1
 15 20 1
 15 21 1
 15 23 1
 15 26 1
 15 27 1
 15 29 1
 15 30 1
 15 31 1
 15 33 1
 15 36 1
 15 37 1
 15 38 1
 15 40 1
 15 42 1
 15 43 1
 15 44 1
 15 46 1
 15 48 1
 15 49 1
 15 50 1
 16 1 1
 16 2 1
 16 6 1
 16 9 1
 16 10 1
 16 11 1
 16 12 1
 16 15 1
 16 17 1
 16 18 1
 16 19 1
 16 20 1
 16 21 1
 16 23 1
 16 27 1
 16 30 1
 16 32 1
 16 33 1
 16 37 1
 16 40 1
 16 41 1
 16 43 1
 16 44 1
 16 49 1
 16 50 1
 17 4 1
 17 8 1
 17 12 1
 17 14 1
 17 18 1
 17 20 1
 17 24 1
 17 28 1
 17 29 1
 17 30 1
 17 33 1
 17 35 1
 17 38 1
 17 40 1
 17 41 1
 17 43 1
 17 44 1
 17 45 1
 17 46 1
 17 48 1
 17 49 1
 18 1 1
 18 2 1
 18 3 1
 18 8 1
 18 10 1
 18 11 1
 18 14 1
 18 15 1
 18 16 1
 18 19 1
 18 20 1
 18 22 1
 18 23 1
 18 24 1
 18 25 1
 18 29 1
 18 31 1
 18 32 1
 18 34 1
 18 35 1
 18 36 1
 18 38 1
 18 42 1
 18 45 1
 18 47 1
 19 1 1
 19 3 1
 19 4 1
 19 7 1
 19 8 1
 19 9 1
 19 11 1
 19 12 1
 19 13 1
 19 17 1
 19 21 1
 19 27 1
 19 29 1
 19 30 1
 19 31 1
 19 32 1
 19 33 1
 19 34 1
 19 36 1
 19 37 1
 19 38 1
 19 39 1
 19 41 1
 19 43 1
 19 45 1
 19 47 1
 20 1 1
 20 2 1
 20 3 1
 20 4 1
 20 5 1
 20 9 1
 20 10 1
 20 11 1
 20 12 1
 20 13 1
 20 17 1
 20 18 1
 20 19 1
 20 21 1
 20 27 1
 20 28 1
 20 31 1
 20 32 1
 20 33 1
 20 38 1
 20 39 1
 20 40 1
 20 42 1
 20 43 1
 20 44 1
 20 45 1
 20 46 1
 20 47 1
 20 49 1
 20 50 1
 21 1 1
 21 4 1
 21 5 1
 21 6 1
 21 7 1
 21 9 1
 21 10 1
 21 11 1
 21 12 1
 21 14 1
 21 16 1
 21 17 1
 21 23 1
 21 29 1
 21 30 1
 21 32 1
 21 34 1
 21 35 1
 21 37 1
 21 40 1
 21 41 1
 21 43 1
 21 45 1
 21 46 1
 21 47 1
 21 50 1
 22 3 1
 22 4 1
 22 5 1
 22 6 1
 22 7 1
 22 9 1
 22 10 1
 22 12 1
 22 13 1
 22 14 1
 22 15 1
 22 17 1
 22 19 1
 22 20 1
 22 21 1
 22 24 1
 22 25 1
 22 27 1
 22 28 1
 22 30 1
 22 31 1
 22 33 1
 22 34 1
 22 35 1
 22 36 1
 22 38 1
 22 40 1
 22 41 1
 22 42 1
 22 44 1
 22 45 1
 22 46 1
 22 49 1
 22 50 1
 23 1 1
 23 5 1
 23 6 1
 23 7 1
 23 9 1
 23 10 1
 23 11 1
 23 12 1
 23 15 1
 23 17 1
 23 19 1
 23 20 1
 23 21 1
 23 24 1
 23 27 1
 23 28 1
 23 31 1
 23 38 1
 23 40 1
 23 47 1
 23 48 1
 23 49 1
 23 50 1
 24 1 1
 24 2 1
 24 3 1
 24 6 1
 24 9 1
 24 10 1
 24 11 1
 24 12 1
 24 13 1
 24 14 1
 24 15 1
 24 17 1
 24 19 1
 24 21 1
 24 23 1
 24 26 1
 24 29 1
 24 32 1
 24 36 1
 24 37 1
 24 38 1
 24 39 1
 24 41 1
 24 42 1
 24 45 1
 24 46 1
 24 47 1
 24 50 1
 25 2 1
 25 4 1
 25 5 1
 25 6 1
 25 10 1
 25 12 1
 25 13 1
 25 16 1
 25 17 1
 25 19 1
 25 22 1
 25 23 1
 25 26 1
 25 27 1
 25 28 1
 25 30 1
 25 32 1
 25 33 1
 25 34 1
 25 36 1
 25 37 1
 25 38 1
 25 39 1
 25 42 1
 25 43 1
 25 44 1
 25 45 1
 25 47 1
 25 48 1
 25 50 1
 26 3 1
 26 4 1
 26 6 1
 26 10 1
 26 11 1
 26 12 1
 26 14 1
 26 16 1
 26 19 1
 26 22 1
 26 23 1
 26 27 1
 26 28 1
 26 29 1
 26 33 1
 26 34 1
 26 35 1
 26 46 1
 26 48 1
 26 49 1
 26 50 1
 27 3 1
 27 4 1
 27 5 1
 27 7 1
 27 8 1
 27 9 1
 27 10 1
 27 11 1
 27 12 1
 27 14 1
 27 15 1
 27 17 1
 27 20 1
 27 21 1
 27 23 1
 27 24 1
 27 25 1
 27 29 1
 27 30 1
 27 33 1
 27 34 1
 27 36 1
 27 38 1
 27 39 1
 27 41 1
 27 42 1
 27 43 1
 27 45 1
 27 46 1
 27 48 1
 27 49 1
 27 50 1
 28 2 1
 28 3 1
 28 7 1
 28 10 1
 28 11 1
 28 12 1
 28 13 1
 28 15 1
 28 17 1
 28 18 1
 28 20 1
 28 21 1
 28 25 1
 28 26 1
 28 27 1
 28 31 1
 28 32 1
 28 33 1
 28 37 1
 28 38 1
 28 40 1
 28 42 1
 28 43 1
 28 44 1
 28 46 1
 28 48 1
 28 50 1
 29 1 1
 29 2 1
 29 3 1
 29 4 1
 29 12 1
 29 14 1
 29 15 1
 29 17 1
 29 19 1
 29 21 1
 29 24 1
 29 25 1
 29 26 1
 29 27 1
 29 28 1
 29 32 1
 29 33 1
 29 34 1
 29 35 1
 29 36 1
 29 40 1
 29 43 1
 29 44 1
 29 46 1
 29 47 1
 29 49 1
 30 1 1
 30 3 1
 30 5 1
 30 7 1
 30 10 1
 30 11 1
 30 12 1
 30 13 1
 30 18 1
 30 19 1
 30 20 1
 30 21 1
 30 22 1
 30 24 1
 30 25 1
 30 26 1
 30 29 1
 30 31 1
 30 33 1
 30 34 1
 30 35 1
 30 38 1
 30 39 1
 30 40 1
 30 43 1
 30 44 1
 30 45 1
 30 47 1
 30 49 1
 30 50 1
 31 1 1
 31 2 1
 31 4 1
 31 10 1
 31 12 1
 31 13 1
 31 15 1
 31 16 1
 31 18 1
 31 19 1
 31 20 1
 31 21 1
 31 22 1
 31 23 1
 31 24 1
 31 25 1
 31 26 1
 31 27 1
 31 28 1
 31 29 1
 31 30 1
 31 33 1
 31 35 1
 31 36 1
 31 37 1
 31 38 1
 31 39 1
 31 40 1
 31 42 1
 31 44 1
 31 50 1
 32 2 1
 32 5 1
 32 7 1
 32 8 1
 32 9 1
 32 11 1
 32 12 1
 32 15 1
 32 16 1
 32 17 1
 32 20 1
 32 21 1
 32 24 1
 32 26 1
 32 28 1
 32 29 1
 32 30 1
 32 31 1
 32 33 1
 32 34 1
 32 37 1
 32 38 1
 32 39 1
 32 42 1
 32 43 1
 32 45 1
 32 46 1
 32 47 1
 32 48 1
 32 50 1
 33 4 1
 33 7 1
 33 8 1
 33 9 1
 33 10 1
 33 11 1
 33 12 1
 33 14 1
 33 15 1
 33 16 1
 33 17 1
 33 18 1
 33 19 1
 33 20 1
 33 25 1
 33 27 1
 33 28 1
 33 29 1
 33 30 1
 33 34 1
 33 35 1
 33 36 1
 33 39 1
 33 41 1
 33 43 1
 33 44 1
 33 49 1
 33 50 1
 34 3 1
 34 6 1
 34 10 1
 34 13 1
 34 14 1
