# Created by Octave 4.2.2, Mon Dec 13 20:30:27 2021 CST <lqg@qiguanglin-LC1>
# name: Map
# type: matrix
# rows: 521
# columns: 3
 1 2 1
 1 4 1
 1 6 1
 1 8 1
 1 9 1
 1 15 1
 1 16 1
 1 19 1
 1 21 1
 1 22 1
 1 24 1
 1 25 1
 1 27 1
 1 28 1
 1 30 1
 2 1 1
 2 3 1
 2 6 1
 2 7 1
 2 8 1
 2 9 1
 2 10 1
 2 11 1
 2 13 1
 2 14 1
 2 15 1
 2 17 1
 2 19 1
 2 20 1
 2 21 1
 2 22 1
 2 23 1
 2 24 1
 2 25 1
 2 26 1
 2 27 1
 2 28 1
 2 29 1
 2 30 1
 3 4 1
 3 5 1
 3 6 1
 3 7 1
 3 8 1
 3 9 1
 3 12 1
 3 13 1
 3 14 1
 3 15 1
 3 16 1
 3 17 1
 3 20 1
 3 21 1
 3 22 1
 3 23 1
 3 24 1
 3 27 1
 3 28 1
 3 29 1
 3 30 1
 4 1 1
 4 2 1
 4 3 1
 4 5 1
 4 7 1
 4 8 1
 4 9 1
 4 10 1
 4 12 1
 4 13 1
 4 14 1
 4 15 1
 4 16 1
 4 19 1
 4 20 1
 4 21 1
 4 22 1
 4 23 1
 4 24 1
 4 26 1
 4 27 1
 5 4 1
 5 6 1
 5 8 1
 5 9 1
 5 11 1
 5 14 1
 5 15 1
 5 17 1
 5 18 1
 5 20 1
 5 25 1
 5 30 1
 6 1 1
 6 3 1
 6 4 1
 6 7 1
 6 8 1
 6 10 1
 6 13 1
 6 17 1
 6 18 1
 6 19 1
 6 20 1
 6 22 1
 6 23 1
 6 24 1
 6 25 1
 6 27 1
 6 28 1
 6 29 1
 6 30 1
 7 2 1
 7 4 1
 7 6 1
 7 9 1
 7 10 1
 7 11 1
 7 14 1
 7 16 1
 7 19 1
 7 20 1
 7 21 1
 7 22 1
 7 23 1
 7 24 1
 7 25 1
 7 26 1
 7 27 1
 7 28 1
 8 2 1
 8 3 1
 8 4 1
 8 9 1
 8 10 1
 8 11 1
 8 12 1
 8 13 1
 8 15 1
 8 16 1
 8 19 1
 8 20 1
 8 23 1
 8 24 1
 8 29 1
 8 30 1
 9 1 1
 9 12 1
 9 13 1
 9 15 1
 9 17 1
 9 19 1
 9 20 1
 9 21 1
 9 22 1
 9 23 1
 9 24 1
 9 25 1
 9 26 1
 9 27 1
 9 30 1
 10 2 1
 10 3 1
 10 4 1
 10 5 1
 10 6 1
 10 8 1
 10 9 1
 10 11 1
 10 12 1
 10 13 1
 10 15 1
 10 16 1
 10 17 1
 10 18 1
 10 20 1
 10 21 1
 10 24 1
 10 25 1
 10 26 1
 10 28 1
 10 29 1
 11 1 1
 11 2 1
 11 5 1
 11 7 1
 11 8 1
 11 12 1
 11 13 1
 11 14 1
 11 18 1
 11 20 1
 11 22 1
 11 23 1
 11 26 1
 11 29 1
 11 30 1
 12 2 1
 12 3 1
 12 4 1
 12 5 1
 12 7 1
 12 8 1
 12 9 1
 12 11 1
 12 13 1
 12 14 1
 12 15 1
 12 18 1
 12 19 1
 12 20 1
 12 22 1
 12 23 1
 12 24 1
 12 25 1
 12 29 1
 13 3 1
 13 6 1
 13 9 1
 13 10 1
 13 12 1
 13 14 1
 13 15 1
 13 16 1
 13 17 1
 13 18 1
 13 22 1
 13 23 1
 13 24 1
 13 25 1
 13 26 1
 13 28 1
 13 29 1
 13 30 1
 14 2 1
 14 3 1
 14 4 1
 14 6 1
 14 9 1
 14 10 1
 14 12 1
 14 15 1
 14 17 1
 14 18 1
 14 19 1
 14 20 1
 14 22 1
 14 24 1
 14 25 1
 14 26 1
 14 27 1
 14 30 1
 15 1 1
 15 4 1
 15 5 1
 15 6 1
 15 7 1
 15 10 1
 15 14 1
 15 16 1
 15 17 1
 15 18 1
 15 19 1
 15 20 1
 15 21 1
 15 22 1
 15 23 1
 15 30 1
 16 3 1
 16 5 1
 16 6 1
 16 7 1
 16 8 1
 16 9 1
 16 10 1
 16 11 1
 16 14 1
 16 15 1
 16 17 1
 16 18 1
 16 20 1
 16 22 1
 16 23 1
 16 24 1
 16 29 1
 16 30 1
 17 1 1
 17 2 1
 17 3 1
 17 4 1
 17 5 1
 17 7 1
 17 10 1
 17 11 1
 17 15 1
 17 18 1
 17 19 1
 17 21 1
 17 23 1
 17 24 1
 17 28 1
 17 29 1
 17 30 1
 18 4 1
 18 6 1
 18 7 1
 18 8 1
 18 9 1
 18 11 1
 18 14 1
 18 15 1
 18 16 1
 18 17 1
 18 20 1
 18 21 1
 18 25 1
 18 28 1
 18 29 1
 18 30 1
 19 5 1
 19 6 1
 19 7 1
 19 10 1
 19 11 1
 19 12 1
 19 13 1
 19 16 1
 19 18 1
 19 23 1
 19 26 1
 19 27 1
 19 28 1
 20 1 1
 20 4 1
 20 5 1
 20 6 1
 20 7 1
 20 9 1
 20 10 1
 20 11 1
 20 12 1
 20 14 1
 20 15 1
 20 17 1
 20 18 1
 20 21 1
 20 23 1
 20 24 1
 20 25 1
 20 27 1
 20 28 1
 20 30 1
 21 1 1
 21 3 1
 21 4 1
 21 5 1
 21 9 1
 21 10 1
 21 12 1
 21 13 1
 21 17 1
 21 18 1
 21 19 1
 21 20 1
 21 23 1
 21 24 1
 21 25 1
 21 27 1
 21 28 1
 21 29 1
 21 30 1
 22 1 1
 22 2 1
 22 8 1
 22 9 1
 22 10 1
 22 11 1
 22 16 1
 22 17 1
 22 20 1
 22 21 1
 22 24 1
 22 25 1
 22 26 1
 22 28 1
 22 29 1
 22 30 1
 23 3 1
 23 5 1
 23 7 1
 23 8 1
 23 16 1
 23 17 1
 23 18 1
 23 19 1
 23 20 1
 23 22 1
 23 24 1
 23 25 1
 23 27 1
 23 29 1
 23 30 1
 24 1 1
 24 4 1
 24 5 1
 24 6 1
 24 7 1
 24 8 1
 24 9 1
 24 10 1
 24 11 1
 24 12 1
 24 14 1
 24 15 1
 24 17 1
 24 18 1
 24 19 1
 24 20 1
 24 21 1
 24 25 1
 24 26 1
 24 27 1
 24 28 1
 24 29 1
 25 1 1
 25 2 1
 25 3 1
 25 5 1
 25 7 1
 25 9 1
 25 12 1
 25 15 1
 25 18 1
 25 23 1
 25 24 1
 25 26 1
 25 29 1
 26 1 1
 26 4 1
 26 6 1
 26 7 1
 26 8 1
 26 9 1
 26 12 1
 26 13 1
 26 14 1
 26 16 1
 26 18 1
 26 19 1
 26 20 1
 26 21 1
 26 22 1
 26 23 1
 26 27 1
 26 28 1
 27 1 1
 27 4 1
 27 5 1
 27 9 1
 27 10 1
 27 11 1
 27 13 1
 27 14 1
 27 15 1
 27 16 1
 27 17 1
 27 18 1
 27 20 1
 27 21 1
 27 22 1
 27 26 1
 28 2 1
 28 3 1
 28 5 1
 28 6 1
 28 11 1
 28 12 1
 28 13 1
 28 14 1
 28 16 1
 28 17 1
 28 20 1
 28 21 1
 28 22 1
 28 23 1
 28 26 1
 28 29 1
 28 30 1
 29 2 1
 29 4 1
 29 6 1
 29 8 1
 29 9 1
 29 10 1
 29 11 1
 29 13 1
 29 14 1
 29 18 1
 29 19 1
 29 22 1
 29 23 1
 29 24 1
 29 25 1
 29 27 1
 29 30 1
 30 4 1
 30 5 1
 30 6 1
 30 8 1
 30 9 1
 30 10 1
 30 12 1
 30 13 1
 30 15 1
 30 17 1
 30 21 1
 30 22 1
 30 23 1
 30 27 1
 30 28 1
 30 29 1


