# Created by Octave 4.2.2, Mon Dec 13 20:30:47 2021 CST <lqg@qiguanglin-LC1>
# name: Map
# type: matrix
# rows: 1424
# columns: 3
 1 2 1
 1 5 1
 1 11 1
 1 13 1
 1 14 1
 1 15 1
 1 17 1
 1 19 1
 1 21 1
 1 22 1
 1 23 1
 1 25 1
 1 26 1
 1 31 1
 1 32 1
 1 33 1
 1 35 1
 1 36 1
 1 39 1
 1 40 1
 1 43 1
 1 44 1
 1 47 1
 1 48 1
 1 49 1
 2 6 1
 2 8 1
 2 10 1
 2 12 1
 2 14 1
 2 16 1
 2 18 1
 2 19 1
 2 20 1
 2 21 1
 2 22 1
 2 26 1
 2 31 1
 2 32 1
 2 34 1
 2 39 1
 2 41 1
 2 43 1
 2 45 1
 2 46 1
 2 48 1
 3 1 1
 3 2 1
 3 4 1
 3 5 1
 3 7 1
 3 9 1
 3 11 1
 3 13 1
 3 15 1
 3 17 1
 3 19 1
 3 21 1
 3 22 1
 3 23 1
 3 24 1
 3 27 1
 3 32 1
 3 33 1
 3 34 1
 3 35 1
 3 36 1
 3 38 1
 3 39 1
 3 42 1
 3 44 1
 3 48 1
 3 49 1
 3 50 1
 4 2 1
 4 8 1
 4 9 1
 4 10 1
 4 13 1
 4 14 1
 4 15 1
 4 18 1
 4 20 1
 4 22 1
 4 24 1
 4 26 1
 4 27 1
 4 28 1
 4 29 1
 4 30 1
 4 31 1
 4 32 1
 4 34 1
 4 35 1
 4 40 1
 4 42 1
 4 43 1
 4 45 1
 4 47 1
 4 48 1
 5 1 1
 5 3 1
 5 4 1
 5 6 1
 5 7 1
 5 8 1
 5 10 1
 5 11 1
 5 12 1
 5 13 1
 5 16 1
 5 19 1
 5 21 1
 5 25 1
 5 26 1
 5 27 1
 5 28 1
 5 29 1
 5 31 1
 5 32 1
 5 34 1
 5 37 1
 5 41 1
 5 42 1
 5 43 1
 5 45 1
 5 46 1
 5 49 1
 6 1 1
 6 4 1
 6 5 1
 6 7 1
 6 9 1
 6 10 1
 6 12 1
 6 13 1
 6 14 1
 6 15 1
 6 16 1
 6 17 1
 6 19 1
 6 20 1
 6 21 1
 6 23 1
 6 25 1
 6 26 1
 6 28 1
 6 29 1
 6 30 1
 6 32 1
 6 33 1
 6 34 1
 6 35 1
 6 36 1
 6 39 1
 6 42 1
 6 43 1
 6 44 1
 6 48 1
 7 1 1
 7 4 1
 7 5 1
 7 6 1
 7 10 1
 7 11 1
 7 15 1
 7 19 1
 7 20 1
 7 21 1
 7 22 1
 7 24 1
 7 25 1
 7 26 1
 7 27 1
 7 32 1
 7 33 1
 7 34 1
 7 35 1
 7 37 1
 7 38 1
 7 39 1
 7 40 1
 7 42 1
 7 43 1
 7 46 1
 7 47 1
 7 48 1
 8 1 1
 8 5 1
 8 7 1
 8 9 1
 8 12 1
 8 14 1
 8 15 1
 8 19 1
 8 20 1
 8 23 1
 8 28 1
 8 31 1
 8 32 1
 8 33 1
 8 36 1
 8 37 1
 8 38 1
 8 39 1
 8 41 1
 8 43 1
 8 47 1
 8 48 1
 8 50 1
 9 1 1
 9 3 1
 9 6 1
 9 7 1
 9 10 1
 9 12 1
 9 13 1
 9 14 1
 9 18 1
 9 20 1
 9 21 1
 9 22 1
 9 24 1
 9 25 1
 9 28 1
 9 29 1
 9 30 1
 9 31 1
 9 34 1
 9 35 1
 9 36 1
 9 37 1
 9 39 1
 9 42 1
 9 46 1
 9 48 1
 9 49 1
 10 2 1
 10 5 1
 10 9 1
 10 11 1
 10 12 1
 10 14 1
 10 17 1
 10 19 1
 10 23 1
 10 28 1
 10 29 1
 10 30 1
 10 31 1
 10 32 1
 10 33 1
 10 34 1
 10 36 1
 10 37 1
 10 40 1
 10 42 1
 10 44 1
 10 45 1
 10 46 1
 10 48 1
 10 50 1
 11 3 1
 11 5 1
 11 7 1
 11 8 1
 11 9 1
 11 10 1
 11 12 1
 11 13 1
 11 14 1
 11 16 1
 11 17 1
 11 18 1
 11 19 1
 11 22 1
 11 23 1
 11 26 1
 11 27 1
 11 28 1
 11 29 1
 11 31 1
 11 36 1
 11 39 1
 11 41 1
 11 43 1
 11 44 1
 11 45 1
 11 46 1
 11 47 1
 11 48 1
 11 49 1
 12 1 1
 12 2 1
 12 3 1
 12 4 1
 12 5 1
 12 8 1
 12 9 1
 12 11 1
 12 13 1
 12 15 1
 12 16 1
 12 17 1
 12 18 1
 12 22 1
 12 24 1
 12 25 1
 12 27 1
 12 28 1
 12 29 1
 12 30 1
 12 32 1
 12 34 1
 12 37 1
 12 38 1
 12 39 1
 12 40 1
 12 41 1
 12 42 1
 12 44 1
 12 45 1
 12 47 1
 12 50 1
 13 1 1
 13 2 1
 13 3 1
 13 4 1
 13 6 1
 13 9 1
 13 10 1
 13 12 1
 13 15 1
 13 17 1
 13 19 1
 13 21 1
 13 22 1
 13 23 1
 13 24 1
 13 26 1
 13 28 1
 13 31 1
 13 32 1
 13 33 1
 13 39 1
 13 41 1
 13 42 1
 13 46 1
 13 49 1
 14 2 1
 14 3 1
 14 4 1
 14 5 1
 14 8 1
 14 9 1
 14 10 1
 14 12 1
 14 16 1
 14 17 1
 14 18 1
 14 19 1
 14 22 1
 14 24 1
 14 25 1
 14 28 1
 14 30 1
 14 32 1
 14 34 1
 14 38 1
 14 39 1
 14 40 1
 14 43 1
 14 45 1
 15 2 1
 15 3 1
 15 7 1
 15 8 1
 15 11 1
 15 13 1
 15 14 1
 15 17 1
 15 18 1
 15 19 1
 15 20 1
 15 21 1
 15 22 1
 15 23 1
 15 27 1
 15 29 1
 15 31 1
 15 35 1
 15 36 1
 15 38 1
 15 39 1
 15 41 1
 15 44 1
 15 48 1
 15 50 1
 16 1 1
 16 5 1
 16 6 1
 16 7 1
 16 9 1
 16 12 1
 16 13 1
 16 14 1
 16 15 1
 16 21 1
 16 22 1
 16 24 1
 16 25 1
 16 27 1
 16 28 1
 16 30 1
 16 31 1
 16 33 1
 16 35 1
 16 36 1
 16 37 1
 16 38 1
 16 39 1
 16 40 1
 16 41 1
 16 42 1
 16 44 1
 16 47 1
 16 49 1
 16 50 1
 17 2 1
 17 3 1
 17 5 1
 17 7 1
 17 9 1
 17 10 1
 17 11 1
 17 12 1
 17 13 1
 17 14 1
 17 15 1
 17 16 1
 17 20 1
 17 21 1
 17 24 1
 17 26 1
 17 28 1
 17 32 1
 17 33 1
 17 34 1
 17 37 1
 17 39 1
 17 41 1
 17 43 1
 17 45 1
 17 46 1
 17 47 1
 17 48 1
 17 50 1
 18 1 1
 18 2 1
 18 3 1
 18 4 1
 18 5 1
 18 6 1
 18 8 1
 18 9 1
 18 10 1
 18 17 1
 18 20 1
 18 21 1
 18 22 1
 18 24 1
 18 25 1
 18 26 1
 18 28 1
 18 29 1
 18 31 1
 18 34 1
 18 35 1
 18 37 1
 18 38 1
 18 40 1
 18 41 1
 18 42 1
 18 44 1
 18 46 1
 18 49 1
 19 1 1
 19 5 1
 19 6 1
 19 7 1
 19 9 1
 19 10 1
 19 11 1
 19 12 1
 19 13 1
 19 15 1
 19 16 1
 19 18 1
 19 20 1
 19 23 1
 19 25 1
 19 30 1
 19 31 1
 19 33 1
 19 36 1
 19 37 1
 19 41 1
 19 42 1
 19 43 1
 19 44 1
 19 46 1
 19 47 1
 19 48 1
 19 49 1
 20 2 1
 20 6 1
 20 9 1
 20 11 1
 20 13 1
 20 14 1
 20 15 1
 20 16 1
 20 18 1
 20 21 1
 20 22 1
 20 23 1
 20 24 1
 20 25 1
 20 28 1
 20 30 1
 20 31 1
 20 34 1
 20 35 1
 20 37 1
 20 38 1
 20 39 1
 20 40 1
 20 44 1
 20 45 1
 20 47 1
 20 48 1
 20 49 1
 21 2 1
 21 3 1
 21 4 1
 21 5 1
 21 6 1
 21 7 1
 21 8 1
 21 9 1
 21 10 1
 21 12 1
 21 13 1
 21 14 1
 21 15 1
 21 16 1
 21 18 1
 21 19 1
 21 20 1
 21 23 1
 21 24 1
 21 25 1
 21 26 1
 21 27 1
 21 28 1
 21 30 1
 21 34 1
 21 36 1
 21 37 1
 21 39 1
 21 40 1
 21 41 1
 21 43 1
 21 45 1
 21 47 1
 21 49 1
 21 50 1
 22 2 1
 22 3 1
 22 4 1
 22 6 1
 22 7 1
 22 8 1
 22 9 1
 22 10 1
 22 12 1
 22 14 1
 22 16 1
 22 17 1
 22 19 1
 22 20 1
 22 24 1
 22 25 1
 22 27 1
 22 28 1
 22 29 1
 22 30 1
 22 31 1
 22 33 1
 22 34 1
 22 36 1
 22 38 1
 22 42 1
 22 43 1
 22 44 1
 22 45 1
 22 48 1
 22 49 1
 22 50 1
 23 1 1
 23 9 1
 23 10 1
 23 12 1
 23 15 1
 23 20 1
 23 21 1
 23 24 1
 23 26 1
 23 28 1
 23 32 1
 23 36 1
 23 38 1
 23 39 1
 23 40 1
 23 45 1
 23 46 1
 23 47 1
 24 2 1
 24 3 1
 24 4 1
 24 5 1
 24 6 1
 24 7 1
 24 9 1
 24 10 1
 24 14 1
 24 15 1
 24 18 1
 24 20 1
 24 22 1
 24 23 1
 24 25 1
 24 26 1
 24 27 1
 24 28 1
 24 29 1
 24 30 1
 24 33 1
 24 34 1
 24 35 1
 24 37 1
 24 38 1
 24 40 1
 24 43 1
 24 44 1
 24 45 1
 24 47 1
 24 48 1
 24 49 1
 24 50 1
 25 3 1
 25 6 1
 25 9 1
 25 13 1
 25 15 1
 25 18 1
 25 19 1
 25 20 1
 25 21 1
 25 22 1
 25 23 1
 25 24 1
 25 26 1
 25 28 1
 25 33 1
 25 35 1
 25 36 1
 25 38 1
 25 42 1
 25 43 1
 25 44 1
 25 46 1
 25 47 1
 25 48 1
 26 2 1
 26 3 1
 26 5 1
 26 7 1
 26 9 1
 26 10 1
 26 11 1
 26 12 1
 26 15 1
 26 16 1
 26 18 1
 26 20 1
 26 23 1
 26 24 1
 26 27 1
 26 28 1
 26 29 1
 26 30 1
 26 32 1
 26 33 1
 26 34 1
 26 35 1
 26 36 1
 26 38 1
 26 39 1
 26 40 1
 26 43 1
 26 44 1
 26 45 1
 26 46 1
 26 49 1
 26 50 1
 27 1 1
 27 2 1
 27 4 1
 27 6 1
 27 7 1
 27 9 1
 27 10 1
 27 11 1
 27 13 1
 27 14 1
 27 18 1
 27 19 1
 27 20 1
 27 23 1
 27 25 1
 27 26 1
 27 28 1
 27 30 1
 27 33 1
 27 34 1
 27 36 1
 27 37 1
 27 38 1
 27 39 1
 27 44 1
 27 45 1
 27 46 1
 27 47 1
 27 50 1
 28 1 1
 28 3 1
 28 4 1
 28 5 1
 28 8 1
 28 12 1
 28 14 1
 28 15 1
 28 19 1
 28 20 1
 28 21 1
 28 22 1
 28 23 1
 28 24 1
 28 27 1
 28 29 1
 28 31 1
 28 32 1
 28 34 1
 28 35 1
 28 38 1
 28 39 1
 28 40 1
 28 43 1
 28 46 1
 28 48 1
 28 50 1
 29 3 1
 29 4 1
 29 5 1
 29 7 1
 29 9 1
 29 10 1
 29 11 1
 29 12 1
 29 14 1
 29 16 1
 29 17 1
 29 18 1
 29 20 1
 29 21 1
 29 23 1
 29 24 1
 29 25 1
 29 26 1
 29 27 1
 29 28 1
 29 30 1
 29 31 1
 29 32 1
 29 35 1
 29 36 1
 29 37 1
 29 38 1
 29 39 1
 29 40 1
 29 42 1
 29 44 1
 29 45 1
 29 46 1
 30 1 1
 30 2 1
 30 5 1
 30 7 1
 30 9 1
 30 10 1
 30 12 1
 30 13 1
 30 16 1
 30 18 1
 30 21 1
 30 22 1
 30 24 1
 30 26 1
 30 27 1
 30 31 1
 30 33 1
 30 34 1
 30 35 1
 30 36 1
 30 37 1
 30 38 1
 30 40 1
 30 45 1
 30 46 1
 30 47 1
 30 49 1
 30 50 1
 31 1 1
 31 4 1
 31 5 1
 31 6 1
 31 7 1
 31 13 1
 31 14 1
 31 15 1
 31 17 1
 31 18 1
 31 20 1
 31 21 1
 31 22 1
 31 24 1
 31 28 1
 31 29 1
 31 32 1
 31 33 1
 31 34 1
 31 35 1
 31 37 1
 31 38 1
 31 39 1
 31 43 1
 31 45 1
 31 46 1
 31 47 1
 31 50 1
 32 1 1
 32 2 1
 32 3 1
 32 7 1
 32 8 1
 32 9 1
 32 10 1
 32 14 1
 32 15 1
 32 16 1
 32 19 1
 32 20 1
 32 21 1
 32 22 1
 32 23 1
 32 24 1
 32 25 1
 32 26 1
 32 27 1
 32 28 1
 32 29 1
 32 30 1
 32 31 1
 32 33 1
 32 34 1
 32 36 1
 32 37 1
 32 38 1
 32 39 1
 32 42 1
 32 43 1
 32 45 1
 32 46 1
 32 47 1
 32 48 1
 33 2 1
 33 3 1
 33 7 1
 33 8 1
 33 15 1
 33 16 1
 33 17 1
 33 18 1
 33 19 1
 33 21 1
 33 24 1
 33 25 1
 33 26 1
 33 27 1
 33 28 1
 33 31 1
 33 35 1
 33 36 1
 33 37 1
 33 38 1
 33 39 1
 33 40 1
