# Created by Octave 4.2.2, Mon Dec 13 20:30:39 2021 CST <lqg@qiguanglin-LC1>
# name: Map
# type: matrix
# rows: 1501
# columns: 3
 1 2 1
 1 4 1
 1 7 1
 1 9 1
 1 10 1
 1 11 1
 1 14 1
 1 19 1
 1 21 1
 1 22 1
 1 23 1
 1 26 1
 1 27 1
 1 28 1
 1 29 1
 1 30 1
 1 31 1
 1 33 1
 1 34 1
 1 35 1
 1 36 1
 1 37 1
 1 38 1
 1 39 1
 1 43 1
 1 44 1
 1 45 1
 1 46 1
 1 47 1
 1 49 1
 1 50 1
 2 1 1
 2 4 1
 2 6 1
 2 7 1
 2 9 1
 2 10 1
 2 13 1
 2 14 1
 2 17 1
 2 18 1
 2 19 1
 2 21 1
 2 22 1
 2 24 1
 2 25 1
 2 29 1
 2 30 1
 2 31 1
 2 32 1
 2 34 1
 2 35 1
 2 37 1
 2 43 1
 2 45 1
 2 46 1
 2 47 1
 2 49 1
 2 50 1
 3 5 1
 3 6 1
 3 8 1
 3 9 1
 3 10 1
 3 11 1
 3 12 1
 3 13 1
 3 15 1
 3 16 1
 3 17 1
 3 18 1
 3 20 1
 3 21 1
 3 22 1
 3 23 1
 3 27 1
 3 30 1
 3 32 1
 3 33 1
 3 34 1
 3 35 1
 3 36 1
 3 37 1
 3 38 1
 3 40 1
 3 42 1
 3 43 1
 3 44 1
 3 45 1
 3 46 1
 3 47 1
 3 48 1
 4 2 1
 4 3 1
 4 5 1
 4 7 1
 4 8 1
 4 9 1
 4 11 1
 4 12 1
 4 13 1
 4 14 1
 4 17 1
 4 18 1
 4 23 1
 4 24 1
 4 25 1
 4 30 1
 4 31 1
 4 33 1
 4 34 1
 4 35 1
 4 37 1
 4 39 1
 4 40 1
 4 41 1
 4 48 1
 4 49 1
 4 50 1
 5 1 1
 5 2 1
 5 3 1
 5 4 1
 5 6 1
 5 7 1
 5 8 1
 5 9 1
 5 13 1
 5 15 1
 5 16 1
 5 17 1
 5 18 1
 5 19 1
 5 20 1
 5 21 1
 5 22 1
 5 24 1
 5 25 1
 5 26 1
 5 31 1
 5 32 1
 5 33 1
 5 36 1
 5 38 1
 5 40 1
 5 43 1
 5 44 1
 5 46 1
 5 48 1
 5 49 1
 6 3 1
 6 9 1
 6 10 1
 6 11 1
 6 12 1
 6 13 1
 6 14 1
 6 16 1
 6 18 1
 6 19 1
 6 20 1
 6 21 1
 6 25 1
 6 26 1
 6 29 1
 6 32 1
 6 33 1
 6 35 1
 6 36 1
 6 39 1
 6 40 1
 6 41 1
 6 42 1
 6 44 1
 6 45 1
 6 46 1
 6 48 1
 6 50 1
 7 1 1
 7 2 1
 7 3 1
 7 5 1
 7 6 1
 7 9 1
 7 10 1
 7 14 1
 7 15 1
 7 19 1
 7 20 1
 7 22 1
 7 25 1
 7 27 1
 7 29 1
 7 33 1
 7 35 1
 7 38 1
 7 39 1
 7 41 1
 7 42 1
 7 48 1
 7 50 1
 8 1 1
 8 3 1
 8 4 1
 8 7 1
 8 9 1
 8 11 1
 8 12 1
 8 13 1
 8 15 1
 8 16 1
 8 17 1
 8 19 1
 8 20 1
 8 21 1
 8 22 1
 8 24 1
 8 25 1
 8 26 1
 8 27 1
 8 28 1
 8 29 1
 8 33 1
 8 34 1
 8 35 1
 8 36 1
 8 37 1
 8 38 1
 8 39 1
 8 42 1
 8 43 1
 8 44 1
 8 45 1
 8 46 1
 8 49 1
 8 50 1
 9 2 1
 9 3 1
 9 5 1
 9 6 1
 9 8 1
 9 10 1
 9 12 1
 9 15 1
 9 16 1
 9 19 1
 9 20 1
 9 21 1
 9 22 1
 9 23 1
 9 24 1
 9 25 1
 9 28 1
 9 29 1
 9 30 1
 9 31 1
 9 32 1
 9 33 1
 9 35 1
 9 40 1
 9 41 1
 9 42 1
 9 43 1
 9 44 1
 9 45 1
 9 47 1
 9 49 1
 10 1 1
 10 3 1
 10 4 1
 10 6 1
 10 7 1
 10 8 1
 10 11 1
 10 12 1
 10 13 1
 10 15 1
 10 17 1
 10 19 1
 10 20 1
 10 22 1
 10 25 1
 10 26 1
 10 27 1
 10 28 1
 10 31 1
 10 33 1
 10 34 1
 10 35 1
 10 36 1
 10 37 1
 10 39 1
 10 40 1
 10 41 1
 10 42 1
 10 43 1
 10 44 1
 10 45 1
 10 46 1
 10 48 1
 11 2 1
 11 3 1
 11 4 1
 11 5 1
 11 7 1
 11 8 1
 11 9 1
 11 10 1
 11 12 1
 11 13 1
 11 16 1
 11 18 1
 11 19 1
 11 20 1
 11 21 1
 11 22 1
 11 23 1
 11 27 1
 11 28 1
 11 29 1
 11 30 1
 11 31 1
 11 32 1
 11 33 1
 11 35 1
 11 37 1
 11 39 1
 11 40 1
 11 42 1
 11 43 1
 11 44 1
 11 45 1
 11 46 1
 11 47 1
 11 48 1
 11 49 1
 12 2 1
 12 3 1
 12 4 1
 12 5 1
 12 7 1
 12 9 1
 12 10 1
 12 13 1
 12 14 1
 12 15 1
 12 17 1
 12 18 1
 12 19 1
 12 20 1
 12 23 1
 12 24 1
 12 30 1
 12 33 1
 12 34 1
 12 35 1
 12 36 1
 12 38 1
 12 40 1
 12 42 1
 12 44 1
 12 45 1
 12 48 1
 12 49 1
 12 50 1
 13 1 1
 13 2 1
 13 4 1
 13 5 1
 13 6 1
 13 7 1
 13 8 1
 13 9 1
 13 14 1
 13 19 1
 13 21 1
 13 24 1
 13 25 1
 13 26 1
 13 27 1
 13 30 1
 13 31 1
 13 32 1
 13 33 1
 13 35 1
 13 37 1
 13 38 1
 13 39 1
 13 40 1
 13 41 1
 13 44 1
 13 46 1
 13 47 1
 13 49 1
 14 2 1
 14 3 1
 14 4 1
 14 5 1
 14 6 1
 14 7 1
 14 8 1
 14 9 1
 14 10 1
 14 11 1
 14 16 1
 14 17 1
 14 20 1
 14 21 1
 14 22 1
 14 24 1
 14 27 1
 14 28 1
 14 29 1
 14 32 1
 14 34 1
 14 35 1
 14 36 1
 14 37 1
 14 38 1
 14 39 1
 14 41 1
 14 42 1
 14 43 1
 14 45 1
 14 46 1
 14 47 1
 14 50 1
 15 1 1
 15 3 1
 15 4 1
 15 7 1
 15 9 1
 15 10 1
 15 11 1
 15 12 1
 15 14 1
 15 17 1
 15 19 1
 15 20 1
 15 22 1
 15 23 1
 15 27 1
 15 28 1
 15 29 1
 15 30 1
 15 32 1
 15 33 1
 15 34 1
 15 40 1
 15 41 1
 15 42 1
 15 43 1
 15 45 1
 15 46 1
 15 48 1
 15 50 1
 16 1 1
 16 2 1
 16 5 1
 16 6 1
 16 7 1
 16 8 1
 16 10 1
 16 11 1
 16 12 1
 16 13 1
 16 15 1
 16 19 1
 16 25 1
 16 27 1
 16 28 1
 16 30 1
 16 31 1
 16 32 1
 16 33 1
 16 37 1
 16 38 1
 16 39 1
 16 41 1
 16 42 1
 16 44 1
 16 46 1
 16 48 1
 16 49 1
 16 50 1
 17 1 1
 17 2 1
 17 3 1
 17 4 1
 17 5 1
 17 6 1
 17 8 1
 17 9 1
 17 11 1
 17 12 1
 17 13 1
 17 15 1
 17 19 1
 17 24 1
 17 25 1
 17 26 1
 17 28 1
 17 29 1
 17 33 1
 17 34 1
 17 35 1
 17 36 1
 17 38 1
 17 43 1
 17 45 1
 17 46 1
 17 49 1
 17 50 1
 18 5 1
 18 7 1
 18 11 1
 18 12 1
 18 13 1
 18 14 1
 18 16 1
 18 17 1
 18 19 1
 18 20 1
 18 22 1
 18 25 1
 18 29 1
 18 30 1
 18 34 1
 18 35 1
 18 36 1
 18 37 1
 18 39 1
 18 40 1
 18 41 1
 18 42 1
 18 44 1
 18 46 1
 18 47 1
 18 48 1
 18 49 1
 18 50 1
 19 1 1
 19 2 1
 19 3 1
 19 4 1
 19 5 1
 19 6 1
 19 7 1
 19 11 1
 19 12 1
 19 13 1
 19 15 1
 19 16 1
 19 17 1
 19 21 1
 19 23 1
 19 26 1
 19 28 1
 19 30 1
 19 31 1
 19 32 1
 19 33 1
 19 34 1
 19 35 1
 19 36 1
 19 37 1
 19 39 1
 19 40 1
 19 43 1
 19 44 1
 19 45 1
 19 46 1
 19 47 1
 19 48 1
 20 1 1
 20 2 1
 20 3 1
 20 6 1
 20 7 1
 20 8 1
 20 9 1
 20 10 1
 20 11 1
 20 12 1
 20 14 1
 20 15 1
 20 16 1
 20 23 1
 20 24 1
 20 26 1
 20 27 1
 20 28 1
 20 31 1
 20 32 1
 20 33 1
 20 34 1
 20 35 1
 20 37 1
 20 38 1
 20 39 1
 20 40 1
 20 41 1
 20 43 1
 20 44 1
 20 45 1
 20 46 1
 20 48 1
 20 49 1
 20 50 1
 21 3 1
 21 4 1
 21 5 1
 21 8 1
 21 9 1
 21 10 1
 21 11 1
 21 16 1
 21 19 1
 21 20 1
 21 22 1
 21 23 1
 21 24 1
 21 25 1
 21 26 1
 21 27 1
 21 28 1
 21 30 1
 21 32 1
 21 34 1
 21 36 1
 21 37 1
 21 38 1
 21 40 1
 21 41 1
 21 42 1
 21 44 1
 21 46 1
 22 3 1
 22 5 1
 22 6 1
 22 7 1
 22 11 1
 22 12 1
 22 14 1
 22 16 1
 22 17 1
 22 18 1
 22 19 1
 22 20 1
 22 25 1
 22 30 1
 22 32 1
 22 34 1
 22 35 1
 22 37 1
 22 38 1
 22 40 1
 22 41 1
 22 42 1
 22 43 1
 22 47 1
 22 48 1
 22 49 1
 22 50 1
 23 1 1
 23 2 1
 23 4 1
 23 5 1
 23 6 1
 23 7 1
 23 8 1
 23 9 1
 23 10 1
 23 13 1
 23 15 1
 23 17 1
 23 18 1
 23 21 1
 23 24 1
 23 25 1
 23 26 1
 23 30 1
 23 31 1
 23 33 1
 23 36 1
 23 37 1
 23 38 1
 23 39 1
 23 40 1
 23 41 1
 23 48 1
 23 49 1
 24 2 1
 24 3 1
 24 4 1
 24 5 1
 24 6 1
 24 7 1
 24 9 1
 24 10 1
 24 11 1
 24 14 1
 24 17 1
 24 18 1
 24 21 1
 24 23 1
 24 26 1
 24 28 1
 24 29 1
 24 31 1
 24 32 1
 24 33 1
 24 37 1
 24 38 1
 24 39 1
 24 44 1
 24 45 1
 24 46 1
 24 47 1
 24 48 1
 24 49 1
 24 50 1
 25 2 1
 25 3 1
 25 4 1
 25 5 1
 25 7 1
 25 8 1
 25 9 1
 25 10 1
 25 11 1
 25 13 1
 25 14 1
 25 15 1
 25 16 1
 25 18 1
 25 23 1
 25 24 1
 25 26 1
 25 27 1
 25 28 1
 25 30 1
 25 33 1
 25 35 1
 25 37 1
 25 39 1
 25 41 1
 25 43 1
 25 46 1
 25 47 1
 25 49 1
 26 1 1
 26 2 1
 26 4 1
 26 5 1
 26 6 1
 26 7 1
 26 8 1
 26 9 1
 26 10 1
 26 12 1
 26 13 1
 26 14 1
 26 16 1
 26 18 1
 26 19 1
 26 20 1
 26 22 1
 26 24 1
 26 25 1
 26 28 1
 26 29 1
 26 30 1
 26 31 1
 26 32 1
 26 33 1
 26 34 1
 26 35 1
 26 36 1
 26 37 1
 26 38 1
 26 39 1
 26 43 1
 26 45 1
 26 46 1
 26 48 1
 26 49 1
 27 2 1
 27 3 1
 27 4 1
 27 5 1
 27 6 1
 27 8 1
 27 9 1
 27 10 1
 27 13 1
 27 16 1
 27 17 1
 27 18 1
 27 19 1
 27 20 1
 27 25 1
 27 28 1
 27 29 1
 27 32 1
 27 35 1
 27 36 1
 27 38 1
 27 39 1
 27 40 1
 27 41 1
 27 43 1
 27 44 1
 27 45 1
 27 50 1
 28 1 1
 28 2 1
 28 3 1
 28 7 1
 28 8 1
 28 9 1
 28 12 1
 28 13 1
 28 15 1
 28 18 1
 28 19 1
 28 21 1
 28 22 1
 28 23 1
 28 25 1
 28 26 1
 28 29 1
 28 31 1
 28 32 1
 28 33 1
 28 34 1
 28 35 1
 28 36 1
 28 37 1
 28 39 1
 28 40 1
 28 42 1
 28 43 1
 28 44 1
 28 45 1
 28 46 1
 28 48 1
 28 49 1
 28 50 1
 29 4 1
 29 5 1
 29 6 1
 29 7 1
 29 8 1
 29 10 1
 29 13 1
 29 14 1
 29 15 1
 29 18 1
 29 24 1
 29 28 1
 29 35 1
 29 36 1
 29 38 1
 29 40 1
 29 43 1
 29 44 1
 29 45 1
 29 46 1
 29 47 1
 29 48 1
 29 49 1
 30 2 1
 30 3 1
 30 4 1
 30 5 1
 30 6 1
 30 7 1
 30 8 1
 30 10 1
 30 11 1
 30 13 1
 30 15 1
 30 16 1
 30 18 1
 30 19 1
 30 20 1
 30 21 1
 30 22 1
 30 25 1
 30 26 1
 30 28 1
 30 31 1
 30 32 1
 30 35 1
 30 36 1
 30 38 1
 30 40 1
 30 41 1
 30 42 1
 30 43 1
 30 44 1
 30 46 1
 30 48 1
 30 49 1
 31 4 1
 31 7 1
 31 11 1
 31 14 1
 31 15 1
 31 16 1
 31 17 1
 31 19 1
 31 20 1
 31 21 1
 31 23 1
 31 25 1
 31 30 1
 31 32 1
 31 33 1
 31 36 1
 31 37 1
 31 39 1
 31 40 1
