# Created by Octave 4.2.2, Mon Dec 13 20:30:46 2021 CST <lqg@qiguanglin-LC1>
# name: Map
# type: matrix
# rows: 1456
# columns: 3
 1 2 1
 1 7 1
 1 8 1
 1 11 1
 1 14 1
 1 15 1
 1 16 1
 1 17 1
 1 18 1
 1 22 1
 1 23 1
 1 24 1
 1 26 1
 1 28 1
 1 32 1
 1 33 1
 1 37 1
 1 38 1
 1 40 1
 1 41 1
 1 44 1
 1 45 1
 1 46 1
 1 47 1
 1 50 1
 2 3 1
 2 6 1
 2 8 1
 2 9 1
 2 10 1
 2 12 1
 2 14 1
 2 15 1
 2 16 1
 2 18 1
 2 19 1
 2 20 1
 2 22 1
 2 23 1
 2 24 1
 2 25 1
 2 26 1
 2 27 1
 2 29 1
 2 30 1
 2 31 1
 2 32 1
 2 33 1
 2 35 1
 2 36 1
 2 37 1
 2 38 1
 2 40 1
 2 42 1
 2 44 1
 2 45 1
 2 46 1
 2 47 1
 2 48 1
 2 49 1
 2 50 1
 3 1 1
 3 2 1
 3 4 1
 3 6 1
 3 7 1
 3 9 1
 3 10 1
 3 12 1
 3 13 1
 3 15 1
 3 16 1
 3 20 1
 3 21 1
 3 22 1
 3 25 1
 3 26 1
 3 28 1
 3 29 1
 3 30 1
 3 31 1
 3 33 1
 3 36 1
 3 37 1
 3 39 1
 3 40 1
 3 41 1
 3 42 1
 3 43 1
 3 44 1
 3 45 1
 3 46 1
 3 48 1
 3 50 1
 4 6 1
 4 10 1
 4 11 1
 4 12 1
 4 13 1
 4 14 1
 4 17 1
 4 19 1
 4 20 1
 4 21 1
 4 24 1
 4 27 1
 4 31 1
 4 32 1
 4 35 1
 4 36 1
 4 37 1
 4 38 1
 4 39 1
 4 41 1
 4 42 1
 4 45 1
 4 46 1
 4 47 1
 4 48 1
 4 50 1
 5 3 1
 5 4 1
 5 6 1
 5 7 1
 5 8 1
 5 14 1
 5 15 1
 5 16 1
 5 19 1
 5 20 1
 5 21 1
 5 22 1
 5 25 1
 5 26 1
 5 27 1
 5 28 1
 5 29 1
 5 30 1
 5 31 1
 5 33 1
 5 35 1
 5 37 1
 5 38 1
 5 40 1
 5 41 1
 5 42 1
 5 43 1
 5 44 1
 5 45 1
 5 46 1
 5 49 1
 6 2 1
 6 4 1
 6 7 1
 6 8 1
 6 9 1
 6 10 1
 6 12 1
 6 13 1
 6 14 1
 6 15 1
 6 17 1
 6 19 1
 6 21 1
 6 22 1
 6 23 1
 6 24 1
 6 26 1
 6 29 1
 6 31 1
 6 32 1
 6 35 1
 6 36 1
 6 37 1
 6 38 1
 6 39 1
 6 41 1
 6 43 1
 6 44 1
 6 45 1
 6 46 1
 6 48 1
 6 49 1
 6 50 1
 7 2 1
 7 3 1
 7 4 1
 7 6 1
 7 9 1
 7 10 1
 7 12 1
 7 13 1
 7 15 1
 7 16 1
 7 18 1
 7 19 1
 7 20 1
 7 22 1
 7 23 1
 7 24 1
 7 26 1
 7 27 1
 7 29 1
 7 31 1
 7 33 1
 7 34 1
 7 35 1
 7 36 1
 7 38 1
 7 39 1
 7 40 1
 7 41 1
 7 44 1
 8 1 1
 8 4 1
 8 6 1
 8 9 1
 8 10 1
 8 11 1
 8 13 1
 8 15 1
 8 17 1
 8 20 1
 8 21 1
 8 22 1
 8 23 1
 8 24 1
 8 25 1
 8 26 1
 8 27 1
 8 28 1
 8 30 1
 8 32 1
 8 33 1
 8 36 1
 8 40 1
 8 41 1
 8 42 1
 8 43 1
 8 46 1
 8 48 1
 8 49 1
 8 50 1
 9 4 1
 9 5 1
 9 6 1
 9 10 1
 9 12 1
 9 14 1
 9 15 1
 9 16 1
 9 17 1
 9 19 1
 9 20 1
 9 21 1
 9 22 1
 9 24 1
 9 25 1
 9 26 1
 9 32 1
 9 34 1
 9 35 1
 9 36 1
 9 37 1
 9 39 1
 9 40 1
 9 41 1
 9 42 1
 9 43 1
 9 45 1
 9 46 1
 9 47 1
 9 49 1
 9 50 1
 10 1 1
 10 2 1
 10 5 1
 10 6 1
 10 7 1
 10 8 1
 10 9 1
 10 12 1
 10 15 1
 10 17 1
 10 18 1
 10 20 1
 10 23 1
 10 25 1
 10 27 1
 10 30 1
 10 31 1
 10 34 1
 10 35 1
 10 36 1
 10 37 1
 10 38 1
 10 40 1
 10 48 1
 10 49 1
 10 50 1
 11 1 1
 11 3 1
 11 4 1
 11 5 1
 11 7 1
 11 8 1
 11 13 1
 11 14 1
 11 18 1
 11 19 1
 11 20 1
 11 22 1
 11 24 1
 11 25 1
 11 26 1
 11 27 1
 11 29 1
 11 30 1
 11 31 1
 11 32 1
 11 33 1
 11 35 1
 11 36 1
 11 37 1
 11 38 1
 11 40 1
 11 41 1
 11 42 1
 11 43 1
 11 44 1
 11 45 1
 11 46 1
 11 47 1
 11 48 1
 12 1 1
 12 2 1
 12 3 1
 12 4 1
 12 5 1
 12 7 1
 12 8 1
 12 10 1
 12 14 1
 12 15 1
 12 16 1
 12 20 1
 12 22 1
 12 24 1
 12 25 1
 12 26 1
 12 27 1
 12 28 1
 12 29 1
 12 32 1
 12 37 1
 12 38 1
 12 39 1
 12 40 1
 12 41 1
 12 42 1
 12 43 1
 12 45 1
 12 49 1
 12 50 1
 13 1 1
 13 4 1
 13 5 1
 13 6 1
 13 7 1
 13 8 1
 13 9 1
 13 11 1
 13 14 1
 13 15 1
 13 16 1
 13 17 1
 13 18 1
 13 19 1
 13 21 1
 13 22 1
 13 24 1
 13 25 1
 13 26 1
 13 27 1
 13 28 1
 13 29 1
 13 31 1
 13 33 1
 13 35 1
 13 37 1
 13 40 1
 13 41 1
 13 43 1
 13 44 1
 13 45 1
 13 47 1
 13 49 1
 14 3 1
 14 6 1
 14 10 1
 14 11 1
 14 15 1
 14 16 1
 14 17 1
 14 19 1
 14 20 1
 14 21 1
 14 22 1
 14 25 1
 14 26 1
 14 28 1
 14 29 1
 14 30 1
 14 31 1
 14 33 1
 14 34 1
 14 35 1
 14 37 1
 14 38 1
 14 39 1
 14 40 1
 14 43 1
 14 44 1
 14 47 1
 14 48 1
 14 49 1
 14 50 1
 15 1 1
 15 2 1
 15 3 1
 15 4 1
 15 6 1
 15 7 1
 15 9 1
 15 10 1
 15 11 1
 15 12 1
 15 13 1
 15 18 1
 15 19 1
 15 20 1
 15 23 1
 15 24 1
 15 25 1
 15 27 1
 15 31 1
 15 32 1
 15 33 1
 15 34 1
 15 35 1
 15 36 1
 15 37 1
 15 39 1
 15 40 1
 15 43 1
 15 45 1
 15 46 1
 15 48 1
 15 49 1
 16 1 1
 16 3 1
 16 5 1
 16 7 1
 16 8 1
 16 9 1
 16 11 1
 16 12 1
 16 15 1
 16 17 1
 16 18 1
 16 20 1
 16 21 1
 16 22 1
 16 23 1
 16 25 1
 16 27 1
 16 28 1
 16 32 1
 16 33 1
 16 34 1
 16 35 1
 16 36 1
 16 37 1
 16 39 1
 16 41 1
 16 42 1
 16 43 1
 16 44 1
 16 47 1
 16 48 1
 16 49 1
 16 50 1
 17 2 1
 17 3 1
 17 4 1
 17 5 1
 17 8 1
 17 9 1
 17 12 1
 17 14 1
 17 15 1
 17 16 1
 17 20 1
 17 27 1
 17 28 1
 17 29 1
 17 30 1
 17 34 1
 17 39 1
 17 40 1
 17 41 1
 17 42 1
 17 43 1
 17 44 1
 17 46 1
 17 47 1
 17 48 1
 17 50 1
 18 1 1
 18 2 1
 18 3 1
 18 4 1
 18 6 1
 18 7 1
 18 8 1
 18 11 1
 18 13 1
 18 14 1
 18 15 1
 18 19 1
 18 20 1
 18 21 1
 18 22 1
 18 23 1
 18 24 1
 18 25 1
 18 27 1
 18 28 1
 18 30 1
 18 32 1
 18 34 1
 18 35 1
 18 36 1
 18 40 1
 18 43 1
 18 44 1
 18 47 1
 18 49 1
 19 2 1
 19 4 1
 19 6 1
 19 9 1
 19 13 1
 19 14 1
 19 15 1
 19 16 1
 19 17 1
 19 20 1
 19 23 1
 19 24 1
 19 26 1
 19 27 1
 19 28 1
 19 31 1
 19 33 1
 19 34 1
 19 37 1
 19 38 1
 19 39 1
 19 40 1
 19 42 1
 19 44 1
 19 46 1
 19 48 1
 20 1 1
 20 2 1
 20 3 1
 20 5 1
 20 7 1
 20 9 1
 20 11 1
 20 12 1
 20 14 1
 20 16 1
 20 18 1
 20 19 1
 20 23 1
 20 24 1
 20 25 1
 20 27 1
 20 28 1
 20 30 1
 20 32 1
 20 33 1
 20 34 1
 20 36 1
 20 38 1
 20 40 1
 20 43 1
 20 45 1
 20 46 1
 20 47 1
 20 48 1
 20 49 1
 21 1 1
 21 2 1
 21 3 1
 21 4 1
 21 5 1
 21 6 1
 21 7 1
 21 8 1
 21 9 1
 21 13 1
 21 15 1
 21 16 1
 21 17 1
 21 18 1
 21 20 1
 21 23 1
 21 25 1
 21 26 1
 21 29 1
 21 30 1
 21 31 1
 21 32 1
 21 33 1
 21 34 1
 21 35 1
 21 36 1
 21 37 1
 21 38 1
 21 40 1
 21 41 1
 21 45 1
 21 46 1
 21 48 1
 22 2 1
 22 3 1
 22 4 1
 22 5 1
 22 7 1
 22 8 1
 22 9 1
 22 10 1
 22 11 1
 22 12 1
 22 13 1
 22 14 1
 22 15 1
 22 17 1
 22 18 1
 22 20 1
 22 21 1
 22 24 1
 22 26 1
 22 28 1
 22 29 1
 22 30 1
 22 32 1
 22 33 1
 22 35 1
 22 37 1
 22 38 1
 22 42 1
 22 43 1
 22 44 1
 22 45 1
 22 47 1
 22 48 1
 22 50 1
 23 1 1
 23 7 1
 23 8 1
 23 9 1
 23 11 1
 23 13 1
 23 15 1
 23 16 1
 23 17 1
 23 18 1
 23 19 1
 23 21 1
 23 24 1
 23 26 1
 23 27 1
 23 28 1
 23 30 1
 23 32 1
 23 33 1
 23 34 1
 23 36 1
 23 37 1
 23 39 1
 23 40 1
 23 42 1
 23 45 1
 23 48 1
 24 2 1
 24 6 1
 24 7 1
 24 8 1
 24 9 1
 24 11 1
 24 12 1
 24 13 1
 24 14 1
 24 17 1
 24 19 1
 24 20 1
 24 21 1
 24 22 1
 24 23 1
 24 26 1
 24 27 1
 24 29 1
 24 30 1
 24 33 1
 24 34 1
 24 37 1
 24 40 1
 24 42 1
 24 43 1
 24 44 1
 24 45 1
 24 46 1
 24 47 1
 24 49 1
 25 1 1
 25 3 1
 25 4 1
 25 6 1
 25 9 1
 25 10 1
 25 11 1
 25 13 1
 25 15 1
 25 16 1
 25 17 1
 25 19 1
 25 20 1
 25 21 1
 25 22 1
 25 23 1
 25 24 1
 25 28 1
 25 29 1
 25 30 1
 25 33 1
 25 36 1
 25 37 1
 25 39 1
 25 40 1
 25 41 1
 25 42 1
 25 43 1
 25 46 1
 25 47 1
 26 1 1
 26 2 1
 26 3 1
 26 9 1
 26 10 1
 26 11 1
 26 12 1
 26 16 1
 26 19 1
 26 20 1
 26 21 1
 26 22 1
 26 23 1
 26 24 1
 26 28 1
 26 30 1
 26 36 1
 26 37 1
 26 38 1
 26 39 1
 26 41 1
 26 46 1
 26 47 1
 26 49 1
 26 50 1
 27 1 1
 27 2 1
 27 3 1
 27 6 1
 27 7 1
 27 8 1
 27 10 1
 27 13 1
 27 16 1
 27 19 1
 27 20 1
 27 21 1
 27 22 1
 27 23 1
 27 24 1
 27 28 1
 27 30 1
 27 31 1
 27 33 1
 27 34 1
 27 35 1
 27 37 1
 27 40 1
 27 41 1
 27 43 1
 27 44 1
 27 45 1
 27 46 1
 27 47 1
 27 48 1
 27 49 1
 27 50 1
 28 1 1
 28 2 1
 28 4 1
 28 5 1
 28 6 1
 28 8 1
 28 9 1
 28 10 1
 28 12 1
 28 15 1
 28 18 1
 28 19 1
 28 23 1
 28 24 1
 28 27 1
 28 29 1
 28 30 1
 28 31 1
 28 32 1
 28 34 1
 28 35 1
 28 36 1
 28 38 1
 28 40 1
 28 41 1
 28 42 1
 28 43 1
 28 45 1
 28 46 1
 28 47 1
 28 48 1
 28 49 1
 28 50 1
 29 1 1
 29 2 1
 29 6 1
 29 7 1
 29 9 1
 29 11 1
 29 14 1
 29 16 1
 29 20 1
 29 21 1
 29 22 1
 29 23 1
 29 24 1
 29 25 1
 29 26 1
 29 27 1
 29 28 1
 29 30 1
 29 32 1
 29 33 1
 29 34 1
 29 35 1
 29 36 1
 29 37 1
 29 41 1
 29 45 1
 29 49 1
 29 50 1
 30 1 1
 30 3 1
 30 4 1
 30 6 1
 30 7 1
 30 9 1
 30 10 1
 30 12 1
 30 13 1
 30 16 1
 30 18 1
 30 20 1
 30 21 1
 30 22 1
 30 23 1
 30 25 1
 30 26 1
 30 27 1
 30 29 1
 30 31 1
 30 32 1
 30 35 1
 30 36 1
 30 39 1
 30 41 1
 30 43 1
 30 44 1
 30 45 1
 30 46 1
 30 47 1
 30 48 1
 30 49 1
 30 50 1
 31 1 1
 31 3 1
 31 4 1
 31 7 1
 31 11 1
 31 12 1
 31 13 1
 31 14 1
 31 15 1
 31 17 1
 31 18 1
 31 19 1
 31 20 1
 31 21 1
