# Created by Octave 4.2.2, Mon Dec 13 20:30:25 2021 CST <lqg@qiguanglin-LC1>
# name: Map
# type: matrix
# rows: 227
# columns: 3
 1 4 1
 1 5 1
 1 8 1
 1 9 1
 1 10 1
 1 11 1
 1 16 1
 1 18 1
 1 19 1
 2 3 1
 2 5 1
 2 6 1
 2 7 1
 2 10 1
 2 11 1
 2 13 1
 2 17 1
 2 18 1
 2 20 1
 3 1 1
 3 2 1
 3 4 1
 3 5 1
 3 6 1
 3 8 1
 3 9 1
 3 10 1
 3 13 1
 3 15 1
 3 16 1
 3 18 1
 3 19 1
 3 20 1
 4 1 1
 4 3 1
 4 5 1
 4 6 1
 4 7 1
 4 8 1
 4 9 1
 4 11 1
 4 12 1
 4 16 1
 4 17 1
 4 19 1
 4 20 1
 5 1 1
 5 2 1
 5 3 1
 5 6 1
 5 8 1
 5 9 1
 5 10 1
 5 12 1
 5 13 1
 5 14 1
 5 17 1
 5 18 1
 5 19 1
 5 20 1
 6 5 1
 6 7 1
 6 8 1
 6 12 1
 6 14 1
 6 16 1
 6 17 1
 6 18 1
 6 19 1
 7 1 1
 7 3 1
 7 4 1
 7 5 1
 7 6 1
 7 10 1
 7 12 1
 7 14 1
 7 16 1
 7 18 1
 7 19 1
 8 2 1
 8 7 1
 8 9 1
 8 10 1
 8 12 1
 8 13 1
 8 16 1
 8 17 1
 9 1 1
 9 2 1
 9 6 1
 9 7 1
 9 8 1
 9 10 1
 9 11 1
 9 12 1
 9 13 1
 9 15 1
 9 17 1
 9 18 1
 9 19 1
 9 20 1
 10 1 1
 10 3 1
 10 5 1
 10 7 1
 10 9 1
 10 11 1
 10 12 1
 10 13 1
 10 14 1
 10 15 1
 10 16 1
 10 17 1
 10 18 1
 10 19 1
 10 20 1
 11 1 1
 11 2 1
 11 5 1
 11 10 1
 11 12 1
 11 13 1
 11 14 1
 11 16 1
 11 18 1
 11 19 1
 11 20 1
 12 2 1
 12 3 1
 12 7 1
 12 9 1
 12 10 1
 12 11 1
 12 17 1
 12 18 1
 12 20 1
 13 1 1
 13 2 1
 13 3 1
 13 4 1
 13 5 1
 13 9 1
 13 12 1
 13 14 1
 13 15 1
 13 17 1
 13 18 1
 13 19 1
 13 20 1
 14 1 1
 14 2 1
 14 4 1
 14 5 1
 14 6 1
 14 7 1
 14 11 1
 14 12 1
 14 16 1
 14 18 1
 14 20 1
 15 1 1
 15 2 1
 15 3 1
 15 6 1
 15 8 1
 15 9 1
 15 11 1
 15 12 1
 15 13 1
 15 14 1
 15 16 1
 16 1 1
 16 3 1
 16 4 1
 16 13 1
 16 14 1
 16 15 1
 16 17 1
 16 19 1
 17 1 1
 17 4 1
 17 5 1
 17 6 1
 17 7 1
 17 10 1
 17 11 1
 17 12 1
 17 13 1
 17 14 1
 17 15 1
 17 18 1
 17 19 1
 17 20 1
 18 1 1
 18 4 1
 18 6 1
 18 8 1
 18 9 1
 18 11 1
 18 12 1
 18 14 1
 18 15 1
 18 16 1
 19 1 1
 19 4 1
 19 6 1
 19 7 1
 19 8 1
 19 9 1
 19 10 1
 19 11 1
 19 15 1
 19 16 1
 19 18 1
 20 1 1
 20 2 1
 20 3 1
 20 4 1
 20 5 1
 20 6 1
 20 9 1
 20 10 1
 20 11 1
 20 13 1
 20 14 1
 20 17 1


