# Created by Octave 4.2.2, Mon Dec 13 20:30:37 2021 CST <lqg@qiguanglin-LC1>
# name: Map
# type: matrix
# rows: 911
# columns: 3
 1 2 1
 1 3 1
 1 4 1
 1 5 1
 1 6 1
 1 7 1
 1 8 1
 1 10 1
 1 11 1
 1 12 1
 1 13 1
 1 14 1
 1 16 1
 1 17 1
 1 20 1
 1 21 1
 1 29 1
 1 31 1
 1 32 1
 1 33 1
 1 34 1
 1 35 1
 1 39 1
 2 1 1
 2 5 1
 2 7 1
 2 8 1
 2 9 1
 2 11 1
 2 12 1
 2 15 1
 2 24 1
 2 25 1
 2 26 1
 2 27 1
 2 29 1
 2 30 1
 2 32 1
 2 34 1
 2 35 1
 2 36 1
 2 37 1
 2 38 1
 2 40 1
 3 1 1
 3 4 1
 3 5 1
 3 6 1
 3 7 1
 3 9 1
 3 10 1
 3 11 1
 3 12 1
 3 15 1
 3 17 1
 3 19 1
 3 21 1
 3 22 1
 3 24 1
 3 25 1
 3 26 1
 3 27 1
 3 28 1
 3 29 1
 3 30 1
 3 31 1
 3 32 1
 3 33 1
 3 37 1
 3 38 1
 3 40 1
 4 2 1
 4 3 1
 4 9 1
 4 11 1
 4 12 1
 4 13 1
 4 14 1
 4 15 1
 4 16 1
 4 18 1
 4 19 1
 4 23 1
 4 26 1
 4 27 1
 4 29 1
 4 31 1
 4 32 1
 4 33 1
 4 35 1
 4 36 1
 4 38 1
 4 40 1
 5 2 1
 5 8 1
 5 10 1
 5 11 1
 5 12 1
 5 13 1
 5 14 1
 5 15 1
 5 16 1
 5 17 1
 5 19 1
 5 20 1
 5 22 1
 5 26 1
 5 27 1
 5 28 1
 5 32 1
 5 34 1
 5 35 1
 5 36 1
 5 38 1
 5 39 1
 5 40 1
 6 2 1
 6 5 1
 6 7 1
 6 8 1
 6 9 1
 6 10 1
 6 11 1
 6 12 1
 6 15 1
 6 17 1
 6 18 1
 6 19 1
 6 20 1
 6 23 1
 6 24 1
 6 27 1
 6 28 1
 6 29 1
 6 31 1
 6 32 1
 6 33 1
 6 36 1
 6 40 1
 7 1 1
 7 2 1
 7 3 1
 7 4 1
 7 8 1
 7 9 1
 7 11 1
 7 13 1
 7 17 1
 7 18 1
 7 19 1
 7 21 1
 7 22 1
 7 23 1
 7 25 1
 7 26 1
 7 27 1
 7 28 1
 7 29 1
 7 32 1
 7 33 1
 7 34 1
 7 35 1
 7 36 1
 7 37 1
 7 39 1
 8 2 1
 8 3 1
 8 9 1
 8 10 1
 8 11 1
 8 12 1
 8 15 1
 8 16 1
 8 17 1
 8 18 1
 8 19 1
 8 20 1
 8 24 1
 8 25 1
 8 27 1
 8 28 1
 8 32 1
 8 33 1
 8 34 1
 8 36 1
 8 38 1
 9 2 1
 9 4 1
 9 6 1
 9 7 1
 9 8 1
 9 10 1
 9 11 1
 9 13 1
 9 16 1
 9 17 1
 9 18 1
 9 19 1
 9 22 1
 9 23 1
 9 24 1
 9 25 1
 9 26 1
 9 29 1
 9 30 1
 9 32 1
 9 35 1
 9 36 1
 9 40 1
 10 3 1
 10 6 1
 10 7 1
 10 9 1
 10 11 1
 10 12 1
 10 14 1
 10 15 1
 10 17 1
 10 18 1
 10 19 1
 10 21 1
 10 23 1
 10 26 1
 10 27 1
 10 29 1
 10 30 1
 10 31 1
 10 33 1
 10 34 1
 10 35 1
 10 37 1
 10 38 1
 10 39 1
 10 40 1
 11 1 1
 11 2 1
 11 5 1
 11 7 1
 11 9 1
 11 16 1
 11 18 1
 11 19 1
 11 20 1
 11 23 1
 11 24 1
 11 25 1
 11 26 1
 11 27 1
 11 30 1
 11 31 1
 11 32 1
 11 34 1
 11 35 1
 11 37 1
 12 1 1
 12 3 1
 12 4 1
 12 8 1
 12 9 1
 12 10 1
 12 11 1
 12 13 1
 12 14 1
 12 15 1
 12 16 1
 12 18 1
 12 21 1
 12 22 1
 12 23 1
 12 24 1
 12 25 1
 12 27 1
 12 28 1
 12 30 1
 12 31 1
 12 34 1
 12 35 1
 12 39 1
 12 40 1
 13 3 1
 13 4 1
 13 5 1
 13 6 1
 13 9 1
 13 11 1
 13 12 1
 13 14 1
 13 15 1
 13 17 1
 13 18 1
 13 21 1
 13 22 1
 13 23 1
 13 24 1
 13 25 1
 13 27 1
 13 28 1
 13 29 1
 13 30 1
 13 35 1
 13 37 1
 13 39 1
 13 40 1
 14 3 1
 14 4 1
 14 7 1
 14 8 1
 14 10 1
 14 11 1
 14 12 1
 14 13 1
 14 15 1
 14 16 1
 14 17 1
 14 19 1
 14 21 1
 14 22 1
 14 24 1
 14 26 1
 14 27 1
 14 28 1
 14 30 1
 14 31 1
 14 32 1
 14 33 1
 14 34 1
 14 35 1
 14 36 1
 14 38 1
 14 39 1
 14 40 1
 15 1 1
 15 2 1
 15 4 1
 15 5 1
 15 6 1
 15 7 1
 15 9 1
 15 12 1
 15 13 1
 15 16 1
 15 17 1
 15 19 1
 15 20 1
 15 24 1
 15 25 1
 15 26 1
 15 27 1
 15 28 1
 15 29 1
 15 30 1
 15 31 1
 15 32 1
 15 34 1
 15 35 1
 15 38 1
 16 8 1
 16 12 1
 16 13 1
 16 15 1
 16 17 1
 16 19 1
 16 20 1
 16 21 1
 16 22 1
 16 23 1
 16 24 1
 16 28 1
 16 29 1
 16 30 1
 16 31 1
 16 33 1
 16 34 1
 16 35 1
 16 37 1
 16 39 1
 16 40 1
 17 1 1
 17 4 1
 17 5 1
 17 6 1
 17 10 1
 17 11 1
 17 12 1
 17 13 1
 17 14 1
 17 15 1
 17 16 1
 17 18 1
 17 19 1
 17 21 1
 17 22 1
 17 23 1
 17 24 1
 17 26 1
 17 28 1
 17 30 1
 17 31 1
 17 34 1
 17 35 1
 17 37 1
 17 40 1
 18 2 1
 18 4 1
 18 9 1
 18 11 1
 18 12 1
 18 17 1
 18 20 1
 18 22 1
 18 23 1
 18 25 1
 18 27 1
 18 28 1
 18 29 1
 18 30 1
 18 31 1
 18 32 1
 18 33 1
 18 35 1
 18 36 1
 18 40 1
 19 2 1
 19 4 1
 19 5 1
 19 6 1
 19 8 1
 19 10 1
 19 11 1
 19 13 1
 19 14 1
 19 15 1
 19 16 1
 19 18 1
 19 21 1
 19 22 1
 19 23 1
 19 24 1
 19 29 1
 19 30 1
 19 31 1
 19 32 1
 19 34 1
 19 36 1
 19 37 1
 19 38 1
 19 39 1
 19 40 1
 20 2 1
 20 5 1
 20 6 1
 20 8 1
 20 9 1
 20 10 1
 20 11 1
 20 15 1
 20 18 1
 20 21 1
 20 22 1
 20 23 1
 20 24 1
 20 26 1
 20 28 1
 20 29 1
 20 30 1
 20 31 1
 20 33 1
 20 34 1
 20 37 1
 20 38 1
 20 39 1
 20 40 1
 21 1 1
 21 2 1
 21 3 1
 21 5 1
 21 6 1
 21 7 1
 21 8 1
 21 10 1
 21 11 1
 21 12 1
 21 13 1
 21 18 1
 21 19 1
 21 22 1
 21 23 1
 21 25 1
 21 26 1
 21 28 1
 21 29 1
 21 31 1
 21 33 1
 21 34 1
 21 35 1
 21 36 1
 21 37 1
 21 40 1
 22 2 1
 22 3 1
 22 4 1
 22 6 1
 22 7 1
 22 10 1
 22 15 1
 22 17 1
 22 18 1
 22 19 1
 22 20 1
 22 21 1
 22 25 1
 22 28 1
 22 29 1
 22 30 1
 22 31 1
 22 32 1
 22 33 1
 22 37 1
 22 38 1
 23 1 1
 23 2 1
 23 4 1
 23 6 1
 23 10 1
 23 12 1
 23 13 1
 23 14 1
 23 15 1
 23 17 1
 23 18 1
 23 19 1
 23 21 1
 23 22 1
 23 25 1
 23 26 1
 23 27 1
 23 28 1
 23 29 1
 23 30 1
 23 31 1
 23 32 1
 23 33 1
 23 35 1
 23 36 1
 24 1 1
 24 2 1
 24 7 1
 24 9 1
 24 11 1
 24 12 1
 24 13 1
 24 19 1
 24 21 1
 24 22 1
 24 23 1
 24 25 1
 24 27 1
 24 30 1
 24 32 1
 24 33 1
 24 35 1
 24 37 1
 24 38 1
 25 2 1
 25 3 1
 25 10 1
 25 11 1
 25 12 1
 25 13 1
 25 14 1
 25 15 1
 25 20 1
 25 23 1
 25 26 1
 25 27 1
 25 29 1
 25 30 1
 25 32 1
 25 35 1
 25 36 1
 26 4 1
 26 6 1
 26 7 1
 26 11 1
 26 13 1
 26 15 1
 26 16 1
 26 19 1
 26 20 1
 26 22 1
 26 23 1
 26 25 1
 26 27 1
 26 28 1
 26 29 1
 26 30 1
 26 31 1
 26 33 1
 26 34 1
 26 36 1
 26 38 1
 26 40 1
 27 1 1
 27 5 1
 27 6 1
 27 7 1
 27 8 1
 27 10 1
 27 11 1
 27 12 1
 27 15 1
 27 17 1
 27 22 1
 27 24 1
 27 25 1
 27 28 1
 27 32 1
 27 33 1
 27 34 1
 27 35 1
 27 36 1
 27 37 1
 28 2 1
 28 3 1
 28 7 1
 28 8 1
 28 9 1
 28 11 1
 28 13 1
 28 14 1
 28 16 1
 28 17 1
 28 18 1
 28 19 1
 28 20 1
 28 22 1
 28 23 1
 28 24 1
 28 25 1
 28 26 1
 28 27 1
 28 30 1
 28 36 1
 28 38 1
 28 39 1
 29 3 1
 29 5 1
 29 6 1
 29 8 1
 29 10 1
 29 11 1
 29 12 1
 29 14 1
 29 15 1
 29 17 1
 29 18 1
 29 19 1
 29 21 1
 29 28 1
 29 31 1
 29 32 1
 29 35 1
 29 36 1
 29 38 1
 29 39 1
 29 40 1
 30 3 1
 30 4 1
 30 5 1
 30 7 1
 30 10 1
 30 12 1
 30 14 1
 30 15 1
 30 16 1
 30 17 1
 30 20 1
 30 22 1
 30 25 1
 30 26 1
 30 28 1
 30 29 1
 30 31 1
 30 32 1
 30 34 1
 30 36 1
 30 38 1
 30 39 1
 30 40 1
 31 1 1
 31 2 1
 31 7 1
 31 8 1
 31 10 1
 31 11 1
 31 12 1
 31 15 1
 31 19 1
 31 22 1
 31 24 1
 31 25 1
 31 26 1
 31 27 1
 31 28 1
 31 32 1
 31 33 1
 31 35 1
 31 40 1
 32 1 1
 32 2 1
 32 3 1
 32 4 1
 32 6 1
 32 7 1
 32 9 1
 32 10 1
 32 11 1
 32 12 1
 32 13 1
 32 14 1
 32 18 1
 32 20 1
 32 21 1
 32 23 1
 32 24 1
 32 27 1
 32 28 1
 32 33 1
 32 36 1
 32 37 1
 32 38 1
 32 40 1
 33 1 1
 33 4 1
 33 6 1
 33 7 1
 33 10 1
 33 12 1
 33 15 1
 33 18 1
 33 19 1
 33 21 1
 33 22 1
 33 23 1
 33 24 1
 33 27 1
 33 28 1
 33 29 1
 33 31 1
 33 35 1
 33 37 1
 34 3 1
 34 4 1
 34 10 1
 34 11 1
 34 12 1
 34 14 1
 34 15 1
 34 16 1
 34 17 1
 34 18 1
 34 20 1
 34 22 1
 34 23 1
 34 24 1
 34 31 1
 34 32 1
 34 33 1
 34 35 1
 34 36 1
 34 40 1
 35 3 1
 35 5 1
 35 8 1
 35 9 1
 35 13 1
 35 14 1
 35 15 1
 35 18 1
 35 20 1
 35 21 1
 35 23 1
 35 24 1
 35 25 1
 35 26 1
 35 27 1
 35 30 1
 35 34 1
 35 36 1
 35 37 1
 35 39 1
 35 40 1
 36 2 1
 36 3 1
 36 4 1
 36 5 1
 36 6 1
 36 7 1
 36 8 1
 36 11 1
 36 12 1
 36 13 1
 36 16 1
 36 17 1
 36 18 1
 36 20 1
 36 21 1
 36 22 1
 36 23 1
 36 24 1
 36 26 1
 36 28 1
 36 30 1
 36 32 1
 36 35 1
 36 37 1
 37 2 1
 37 3 1
 37 4 1
 37 5 1
 37 6 1
 37 10 1
 37 12 1
 37 13 1
 37 14 1
 37 18 1
 37 22 1
 37 24 1
 37 26 1
 37 28 1
 37 29 1
 37 30 1
 37 31 1
 37 32 1
 37 33 1
 37 35 1
 37 36 1
 37 38 1
 37 39 1
 37 40 1
 38 2 1
 38 3 1
 38 6 1
 38 7 1
 38 8 1
 38 9 1
 38 10 1
 38 13 1
 38 14 1
 38 15 1
 38 16 1
 38 20 1
 38 21 1
 38 26 1
 38 27 1
 38 30 1
 38 31 1
 38 33 1
 38 36 1
 38 37 1
 38 39 1
 39 1 1
 39 3 1
 39 4 1
 39 5 1
 39 6 1
 39 7 1
 39 8 1
 39 12 1
 39 13 1
 39 14 1
 39 18 1
 39 19 1
 39 20 1
 39 21 1
 39 22 1
 39 23 1
 39 24 1
 39 25 1
 39 27 1
 39 29 1
 39 36 1
 39 38 1
 39 40 1
 40 1 1
 40 4 1
 40 5 1
 40 6 1
 40 7 1
 40 8 1
 40 9 1
 40 10 1
 40 11 1
 40 13 1
 40 14 1
 40 15 1
 40 17 1
 40 20 1
 40 22 1
 40 23 1
 40 24 1
 40 25 1
 40 26 1
 40 27 1
 40 29 1
 40 31 1
 40 32 1
 40 33 1
 40 36 1
 40 38 1
 40 39 1


