# Created by Octave 4.2.2, Mon Dec 13 20:30:40 2021 CST <lqg@qiguanglin-LC1>
# name: Map
# type: matrix
# rows: 1439
# columns: 3
 1 4 1
 1 5 1
 1 6 1
 1 8 1
 1 10 1
 1 11 1
 1 13 1
 1 14 1
 1 15 1
 1 16 1
 1 17 1
 1 18 1
 1 20 1
 1 24 1
 1 25 1
 1 30 1
 1 31 1
 1 32 1
 1 34 1
 1 36 1
 1 38 1
 1 41 1
 1 42 1
 1 43 1
 1 45 1
 1 46 1
 1 47 1
 2 1 1
 2 3 1
 2 4 1
 2 5 1
 2 6 1
 2 7 1
 2 8 1
 2 9 1
 2 10 1
 2 11 1
 2 12 1
 2 14 1
 2 18 1
 2 20 1
 2 24 1
 2 25 1
 2 26 1
 2 27 1
 2 28 1
 2 30 1
 2 34 1
 2 35 1
 2 37 1
 2 38 1
 2 40 1
 2 41 1
 2 42 1
 2 44 1
 2 45 1
 2 46 1
 2 48 1
 3 4 1
 3 6 1
 3 8 1
 3 9 1
 3 11 1
 3 12 1
 3 14 1
 3 16 1
 3 17 1
 3 18 1
 3 19 1
 3 20 1
 3 24 1
 3 26 1
 3 27 1
 3 29 1
 3 30 1
 3 31 1
 3 32 1
 3 37 1
 3 38 1
 3 40 1
 3 43 1
 3 46 1
 3 47 1
 3 50 1
 4 1 1
 4 2 1
 4 5 1
 4 6 1
 4 7 1
 4 8 1
 4 9 1
 4 10 1
 4 11 1
 4 12 1
 4 15 1
 4 16 1
 4 18 1
 4 19 1
 4 21 1
 4 22 1
 4 24 1
 4 32 1
 4 33 1
 4 35 1
 4 36 1
 4 37 1
 4 40 1
 4 41 1
 4 43 1
 4 45 1
 4 47 1
 4 49 1
 4 50 1
 5 1 1
 5 2 1
 5 3 1
 5 4 1
 5 7 1
 5 9 1
 5 13 1
 5 14 1
 5 15 1
 5 16 1
 5 20 1
 5 21 1
 5 27 1
 5 28 1
 5 29 1
 5 30 1
 5 31 1
 5 32 1
 5 34 1
 5 35 1
 5 36 1
 5 37 1
 5 40 1
 5 43 1
 5 45 1
 5 46 1
 5 48 1
 5 49 1
 5 50 1
 6 2 1
 6 4 1
 6 5 1
 6 7 1
 6 8 1
 6 9 1
 6 10 1
 6 11 1
 6 12 1
 6 13 1
 6 14 1
 6 15 1
 6 16 1
 6 17 1
 6 18 1
 6 21 1
 6 26 1
 6 28 1
 6 30 1
 6 31 1
 6 33 1
 6 34 1
 6 36 1
 6 39 1
 6 40 1
 6 41 1
 6 42 1
 6 44 1
 6 45 1
 6 46 1
 6 47 1
 6 48 1
 6 49 1
 6 50 1
 7 1 1
 7 2 1
 7 5 1
 7 6 1
 7 9 1
 7 10 1
 7 12 1
 7 15 1
 7 18 1
 7 20 1
 7 22 1
 7 23 1
 7 25 1
 7 27 1
 7 28 1
 7 29 1
 7 32 1
 7 33 1
 7 36 1
 7 37 1
 7 41 1
 7 43 1
 7 44 1
 7 45 1
 7 47 1
 7 49 1
 8 2 1
 8 4 1
 8 5 1
 8 6 1
 8 7 1
 8 10 1
 8 15 1
 8 17 1
 8 19 1
 8 21 1
 8 22 1
 8 25 1
 8 26 1
 8 29 1
 8 30 1
 8 31 1
 8 34 1
 8 35 1
 8 40 1
 8 41 1
 8 42 1
 8 43 1
 8 44 1
 8 47 1
 9 2 1
 9 6 1
 9 8 1
 9 10 1
 9 12 1
 9 14 1
 9 18 1
 9 24 1
 9 25 1
 9 26 1
 9 28 1
 9 31 1
 9 32 1
 9 33 1
 9 34 1
 9 37 1
 9 39 1
 9 41 1
 9 43 1
 9 45 1
 9 46 1
 9 47 1
 9 48 1
 9 49 1
 10 1 1
 10 2 1
 10 3 1
 10 4 1
 10 6 1
 10 7 1
 10 8 1
 10 11 1
 10 12 1
 10 14 1
 10 15 1
 10 16 1
 10 17 1
 10 21 1
 10 22 1
 10 24 1
 10 25 1
 10 27 1
 10 29 1
 10 30 1
 10 31 1
 10 33 1
 10 34 1
 10 36 1
 10 37 1
 10 39 1
 10 41 1
 10 42 1
 10 43 1
 10 44 1
 10 45 1
 10 46 1
 10 47 1
 10 50 1
 11 2 1
 11 3 1
 11 4 1
 11 7 1
 11 8 1
 11 13 1
 11 14 1
 11 18 1
 11 19 1
 11 20 1
 11 21 1
 11 22 1
 11 23 1
 11 24 1
 11 25 1
 11 26 1
 11 27 1
 11 28 1
 11 29 1
 11 30 1
 11 31 1
 11 32 1
 11 35 1
 11 38 1
 11 40 1
 11 41 1
 11 42 1
 11 44 1
 11 46 1
 11 48 1
 11 50 1
 12 2 1
 12 4 1
 12 7 1
 12 13 1
 12 15 1
 12 16 1
 12 17 1
 12 18 1
 12 19 1
 12 20 1
 12 23 1
 12 28 1
 12 29 1
 12 31 1
 12 34 1
 12 36 1
 12 37 1
 12 38 1
 12 39 1
 12 41 1
 12 46 1
 12 47 1
 13 1 1
 13 2 1
 13 4 1
 13 5 1
 13 6 1
 13 8 1
 13 10 1
 13 11 1
 13 12 1
 13 14 1
 13 15 1
 13 16 1
 13 17 1
 13 19 1
 13 20 1
 13 21 1
 13 22 1
 13 25 1
 13 26 1
 13 27 1
 13 28 1
 13 29 1
 13 30 1
 13 31 1
 13 32 1
 13 33 1
 13 34 1
 13 37 1
 13 38 1
 13 39 1
 13 41 1
 13 43 1
 13 45 1
 14 1 1
 14 2 1
 14 4 1
 14 6 1
 14 7 1
 14 8 1
 14 9 1
 14 10 1
 14 11 1
 14 13 1
 14 15 1
 14 16 1
 14 17 1
 14 18 1
 14 20 1
 14 21 1
 14 22 1
 14 23 1
 14 24 1
 14 25 1
 14 27 1
 14 28 1
 14 29 1
 14 30 1
 14 31 1
 14 33 1
 14 34 1
 14 37 1
 14 38 1
 14 39 1
 14 42 1
 14 47 1
 14 48 1
 14 49 1
 14 50 1
 15 1 1
 15 3 1
 15 4 1
 15 5 1
 15 6 1
 15 7 1
 15 8 1
 15 13 1
 15 14 1
 15 16 1
 15 19 1
 15 21 1
 15 22 1
 15 23 1
 15 25 1
 15 26 1
 15 27 1
 15 28 1
 15 29 1
 15 30 1
 15 31 1
 15 33 1
 15 34 1
 15 36 1
 15 37 1
 15 40 1
 15 41 1
 15 42 1
 15 43 1
 15 46 1
 15 47 1
 15 48 1
 15 49 1
 16 1 1
 16 2 1
 16 4 1
 16 5 1
 16 6 1
 16 8 1
 16 9 1
 16 10 1
 16 11 1
 16 12 1
 16 13 1
 16 15 1
 16 17 1
 16 19 1
 16 20 1
 16 21 1
 16 22 1
 16 23 1
 16 24 1
 16 25 1
 16 28 1
 16 32 1
 16 33 1
 16 35 1
 16 37 1
 16 38 1
 16 39 1
 16 40 1
 16 41 1
 16 42 1
 16 44 1
 16 45 1
 16 46 1
 17 1 1
 17 2 1
 17 4 1
 17 5 1
 17 7 1
 17 8 1
 17 9 1
 17 11 1
 17 12 1
 17 13 1
 17 18 1
 17 19 1
 17 20 1
 17 23 1
 17 25 1
 17 31 1
 17 33 1
 17 35 1
 17 37 1
 17 38 1
 17 39 1
 17 43 1
 17 44 1
 17 45 1
 17 46 1
 17 48 1
 17 49 1
 18 3 1
 18 4 1
 18 5 1
 18 6 1
 18 8 1
 18 10 1
 18 11 1
 18 12 1
 18 16 1
 18 17 1
 18 19 1
 18 20 1
 18 21 1
 18 22 1
 18 23 1
 18 24 1
 18 28 1
 18 30 1
 18 33 1
 18 37 1
 18 41 1
 18 42 1
 18 44 1
 18 45 1
 18 46 1
 18 47 1
 18 48 1
 19 1 1
 19 4 1
 19 7 1
 19 8 1
 19 9 1
 19 11 1
 19 14 1
 19 16 1
 19 17 1
 19 24 1
 19 25 1
 19 28 1
 19 29 1
 19 33 1
 19 35 1
 19 36 1
 19 37 1
 19 40 1
 19 42 1
 19 44 1
 19 45 1
 19 46 1
 19 49 1
 20 2 1
 20 3 1
 20 5 1
 20 6 1
 20 7 1
 20 9 1
 20 10 1
 20 13 1
 20 14 1
 20 21 1
 20 22 1
 20 23 1
 20 25 1
 20 27 1
 20 28 1
 20 30 1
 20 35 1
 20 36 1
 20 37 1
 20 38 1
 20 39 1
 20 40 1
 20 43 1
 20 44 1
 20 45 1
 20 47 1
 20 48 1
 20 49 1
 20 50 1
 21 1 1
 21 5 1
 21 6 1
 21 7 1
 21 8 1
 21 9 1
 21 10 1
 21 11 1
 21 12 1
 21 13 1
 21 14 1
 21 17 1
 21 18 1
 21 20 1
 21 22 1
 21 23 1
 21 24 1
 21 26 1
 21 27 1
 21 28 1
 21 29 1
 21 30 1
 21 31 1
 21 32 1
 21 33 1
 21 37 1
 21 40 1
 21 41 1
 21 42 1
 21 45 1
 21 46 1
 21 48 1
 21 50 1
 22 1 1
 22 2 1
 22 3 1
 22 4 1
 22 7 1
 22 9 1
 22 10 1
 22 11 1
 22 15 1
 22 16 1
 22 21 1
 22 23 1
 22 24 1
 22 26 1
 22 27 1
 22 28 1
 22 29 1
 22 30 1
 22 31 1
 22 32 1
 22 33 1
 22 34 1
 22 35 1
 22 36 1
 22 37 1
 22 40 1
 22 43 1
 22 47 1
 22 48 1
 22 50 1
 23 2 1
 23 3 1
 23 6 1
 23 7 1
 23 8 1
 23 9 1
 23 10 1
 23 11 1
 23 12 1
 23 16 1
 23 17 1
 23 18 1
 23 19 1
 23 20 1
 23 21 1
 23 24 1
 23 25 1
 23 26 1
 23 28 1
 23 29 1
 23 31 1
 23 33 1
 23 34 1
 23 35 1
 23 36 1
 23 39 1
 23 40 1
 23 41 1
 23 42 1
 23 43 1
 23 44 1
 23 46 1
 23 48 1
 23 49 1
 24 1 1
 24 2 1
 24 3 1
 24 4 1
 24 6 1
 24 7 1
 24 10 1
 24 11 1
 24 12 1
 24 14 1
 24 16 1
 24 17 1
 24 20 1
 24 21 1
 24 22 1
 24 23 1
 24 26 1
 24 29 1
 24 30 1
 24 31 1
 24 32 1
 24 33 1
 24 34 1
 24 35 1
 24 36 1
 24 39 1
 24 41 1
 24 43 1
 24 44 1
 24 46 1
 24 47 1
 24 48 1
 24 49 1
 24 50 1
 25 1 1
 25 3 1
 25 5 1
 25 6 1
 25 10 1
 25 13 1
 25 14 1
 25 16 1
 25 17 1
 25 19 1
 25 21 1
 25 23 1
 25 27 1
 25 28 1
 25 29 1
 25 32 1
 25 33 1
 25 38 1
 25 43 1
 25 45 1
 25 50 1
 26 3 1
 26 4 1
 26 7 1
 26 11 1
 26 13 1
 26 14 1
 26 16 1
 26 17 1
 26 18 1
 26 19 1
 26 20 1
 26 23 1
 26 27 1
 26 28 1
 26 29 1
 26 31 1
 26 32 1
 26 33 1
 26 34 1
 26 35 1
 26 36 1
 26 37 1
 26 38 1
 26 41 1
 26 44 1
 26 48 1
 26 49 1
 27 3 1
 27 4 1
 27 5 1
 27 6 1
 27 8 1
 27 13 1
 27 14 1
 27 15 1
 27 17 1
 27 18 1
 27 20 1
 27 21 1
 27 22 1
 27 23 1
 27 24 1
 27 28 1
 27 30 1
 27 31 1
 27 32 1
 27 34 1
 27 35 1
 27 38 1
 27 42 1
 27 44 1
 27 46 1
 27 47 1
 27 49 1
 27 50 1
 28 1 1
 28 5 1
 28 8 1
 28 9 1
 28 10 1
 28 11 1
 28 12 1
 28 13 1
 28 16 1
 28 19 1
 28 20 1
 28 23 1
 28 25 1
 28 26 1
 28 27 1
 28 31 1
 28 32 1
 28 34 1
 28 35 1
 28 36 1
 28 37 1
 28 38 1
 28 40 1
 28 42 1
 28 43 1
 28 44 1
 28 48 1
 28 49 1
 29 2 1
 29 3 1
 29 4 1
 29 7 1
 29 8 1
 29 10 1
 29 12 1
 29 13 1
 29 16 1
 29 18 1
 29 19 1
 29 20 1
 29 21 1
 29 22 1
 29 24 1
 29 25 1
 29 26 1
 29 30 1
 29 31 1
 29 32 1
 29 34 1
 29 37 1
 29 40 1
 29 41 1
 29 42 1
 29 44 1
 29 45 1
 29 46 1
 29 47 1
 29 48 1
 29 49 1
 29 50 1
 30 2 1
 30 4 1
 30 6 1
 30 8 1
 30 11 1
 30 12 1
 30 13 1
 30 19 1
 30 20 1
 30 21 1
 30 25 1
 30 28 1
 30 29 1
 30 31 1
 30 36 1
 30 37 1
 30 40 1
 30 41 1
 30 42 1
 30 46 1
 30 47 1
 30 50 1
 31 1 1
 31 3 1
 31 4 1
 31 6 1
 31 8 1
 31 11 1
 31 13 1
 31 15 1
 31 16 1
 31 17 1
 31 19 1
 31 21 1
 31 23 1
 31 26 1
 31 27 1
 31 28 1
 31 30 1
 31 33 1
 31 34 1
 31 35 1
 31 38 1
 31 39 1
 31 40 1
 31 42 1
 31 45 1
 31 46 1
 31 47 1
 31 48 1
 31 49 1
 31 50 1
 32 2 1
 32 3 1
 32 4 1
 32 5 1
 32 6 1
 32 7 1
 32 8 1
 32 9 1
 32 10 1
 32 11 1
 32 12 1
 32 14 1
 32 15 1
 32 16 1
 32 19 1
 32 20 1
 32 21 1
 32 23 1
 32 27 1
 32 28 1
 32 29 1
 32 30 1
 32 31 1
 32 33 1
 32 34 1
