# Created by Octave 4.2.2, Mon Dec 13 20:30:43 2021 CST <lqg@qiguanglin-LC1>
# name: Map
# type: matrix
# rows: 1487
# columns: 3
 1 2 1
 1 3 1
 1 5 1
 1 6 1
 1 8 1
 1 9 1
 1 11 1
 1 12 1
 1 13 1
 1 16 1
 1 18 1
 1 20 1
 1 21 1
 1 22 1
 1 24 1
 1 25 1
 1 27 1
 1 28 1
 1 29 1
 1 30 1
 1 31 1
 1 34 1
 1 35 1
 1 36 1
 1 37 1
 1 39 1
 1 41 1
 1 44 1
 1 45 1
 1 48 1
 1 50 1
 2 1 1
 2 3 1
 2 5 1
 2 6 1
 2 8 1
 2 9 1
 2 10 1
 2 11 1
 2 12 1
 2 13 1
 2 15 1
 2 17 1
 2 22 1
 2 23 1
 2 24 1
 2 25 1
 2 28 1
 2 30 1
 2 31 1
 2 33 1
 2 34 1
 2 35 1
 2 39 1
 2 41 1
 2 43 1
 2 44 1
 2 45 1
 2 48 1
 2 49 1
 3 2 1
 3 4 1
 3 5 1
 3 6 1
 3 7 1
 3 10 1
 3 11 1
 3 13 1
 3 17 1
 3 20 1
 3 21 1
 3 23 1
 3 26 1
 3 29 1
 3 32 1
 3 34 1
 3 35 1
 3 36 1
 3 37 1
 3 38 1
 3 39 1
 3 41 1
 3 43 1
 3 44 1
 3 45 1
 3 48 1
 3 49 1
 4 1 1
 4 3 1
 4 5 1
 4 7 1
 4 10 1
 4 11 1
 4 13 1
 4 14 1
 4 16 1
 4 17 1
 4 19 1
 4 20 1
 4 22 1
 4 25 1
 4 26 1
 4 29 1
 4 30 1
 4 31 1
 4 32 1
 4 33 1
 4 34 1
 4 36 1
 4 37 1
 4 39 1
 4 44 1
 4 47 1
 4 48 1
 4 49 1
 5 1 1
 5 2 1
 5 3 1
 5 4 1
 5 6 1
 5 7 1
 5 8 1
 5 9 1
 5 10 1
 5 11 1
 5 13 1
 5 14 1
 5 15 1
 5 17 1
 5 20 1
 5 21 1
 5 23 1
 5 24 1
 5 26 1
 5 27 1
 5 28 1
 5 31 1
 5 32 1
 5 33 1
 5 35 1
 5 38 1
 5 40 1
 5 43 1
 5 44 1
 5 45 1
 5 47 1
 5 49 1
 6 2 1
 6 4 1
 6 5 1
 6 8 1
 6 9 1
 6 10 1
 6 12 1
 6 13 1
 6 16 1
 6 17 1
 6 18 1
 6 19 1
 6 20 1
 6 21 1
 6 24 1
 6 29 1
 6 30 1
 6 31 1
 6 32 1
 6 35 1
 6 37 1
 6 38 1
 6 39 1
 6 40 1
 6 41 1
 6 43 1
 6 44 1
 6 45 1
 6 46 1
 6 47 1
 6 48 1
 7 4 1
 7 8 1
 7 9 1
 7 10 1
 7 11 1
 7 12 1
 7 13 1
 7 14 1
 7 15 1
 7 16 1
 7 17 1
 7 18 1
 7 19 1
 7 20 1
 7 21 1
 7 26 1
 7 27 1
 7 29 1
 7 31 1
 7 32 1
 7 34 1
 7 36 1
 7 38 1
 7 40 1
 7 41 1
 7 42 1
 7 43 1
 7 44 1
 7 46 1
 7 48 1
 7 49 1
 8 1 1
 8 3 1
 8 4 1
 8 5 1
 8 7 1
 8 9 1
 8 10 1
 8 12 1
 8 13 1
 8 14 1
 8 16 1
 8 17 1
 8 19 1
 8 20 1
 8 22 1
 8 23 1
 8 24 1
 8 26 1
 8 27 1
 8 28 1
 8 29 1
 8 32 1
 8 33 1
 8 34 1
 8 35 1
 8 36 1
 8 37 1
 8 38 1
 8 40 1
 8 41 1
 8 43 1
 8 45 1
 8 46 1
 8 47 1
 8 49 1
 8 50 1
 9 1 1
 9 2 1
 9 4 1
 9 6 1
 9 8 1
 9 10 1
 9 12 1
 9 13 1
 9 14 1
 9 15 1
 9 16 1
 9 18 1
 9 19 1
 9 23 1
 9 24 1
 9 25 1
 9 28 1
 9 29 1
 9 31 1
 9 32 1
 9 33 1
 9 34 1
 9 35 1
 9 38 1
 9 43 1
 9 44 1
 9 47 1
 9 48 1
 9 49 1
 9 50 1
 10 1 1
 10 2 1
 10 3 1
 10 4 1
 10 6 1
 10 8 1
 10 11 1
 10 16 1
 10 19 1
 10 20 1
 10 21 1
 10 22 1
 10 23 1
 10 24 1
 10 25 1
 10 26 1
 10 27 1
 10 28 1
 10 29 1
 10 30 1
 10 31 1
 10 35 1
 10 36 1
 10 38 1
 10 40 1
 10 45 1
 10 46 1
 10 47 1
 10 48 1
 10 50 1
 11 1 1
 11 2 1
 11 3 1
 11 4 1
 11 5 1
 11 7 1
 11 8 1
 11 9 1
 11 13 1
 11 14 1
 11 15 1
 11 16 1
 11 18 1
 11 20 1
 11 21 1
 11 22 1
 11 23 1
 11 24 1
 11 25 1
 11 27 1
 11 29 1
 11 31 1
 11 35 1
 11 39 1
 11 41 1
 11 42 1
 11 45 1
 11 48 1
 11 49 1
 11 50 1
 12 1 1
 12 2 1
 12 3 1
 12 4 1
 12 6 1
 12 10 1
 12 15 1
 12 19 1
 12 20 1
 12 21 1
 12 22 1
 12 23 1
 12 25 1
 12 26 1
 12 27 1
 12 30 1
 12 31 1
 12 32 1
 12 33 1
 12 35 1
 12 37 1
 12 39 1
 12 41 1
 12 43 1
 12 44 1
 12 45 1
 12 46 1
 12 50 1
 13 3 1
 13 4 1
 13 5 1
 13 6 1
 13 7 1
 13 8 1
 13 16 1
 13 17 1
 13 18 1
 13 19 1
 13 20 1
 13 22 1
 13 24 1
 13 25 1
 13 27 1
 13 28 1
 13 33 1
 13 35 1
 13 36 1
 13 37 1
 13 38 1
 13 39 1
 13 40 1
 13 41 1
 13 44 1
 13 45 1
 13 46 1
 13 47 1
 13 48 1
 13 49 1
 13 50 1
 14 1 1
 14 2 1
 14 5 1
 14 7 1
 14 9 1
 14 10 1
 14 15 1
 14 16 1
 14 17 1
 14 18 1
 14 20 1
 14 21 1
 14 23 1
 14 24 1
 14 25 1
 14 27 1
 14 28 1
 14 29 1
 14 30 1
 14 32 1
 14 35 1
 14 36 1
 14 37 1
 14 38 1
 14 40 1
 14 43 1
 14 45 1
 14 48 1
 14 50 1
 15 1 1
 15 2 1
 15 4 1
 15 5 1
 15 7 1
 15 8 1
 15 9 1
 15 10 1
 15 12 1
 15 13 1
 15 20 1
 15 23 1
 15 24 1
 15 25 1
 15 26 1
 15 27 1
 15 29 1
 15 30 1
 15 31 1
 15 33 1
 15 34 1
 15 37 1
 15 41 1
 15 42 1
 15 43 1
 15 44 1
 15 45 1
 15 46 1
 15 47 1
 15 48 1
 15 49 1
 15 50 1
 16 2 1
 16 3 1
 16 5 1
 16 7 1
 16 8 1
 16 11 1
 16 12 1
 16 15 1
 16 17 1
 16 19 1
 16 21 1
 16 23 1
 16 25 1
 16 26 1
 16 30 1
 16 33 1
 16 34 1
 16 35 1
 16 36 1
 16 37 1
 16 38 1
 16 39 1
 16 40 1
 16 41 1
 16 42 1
 16 43 1
 16 44 1
 16 46 1
 16 49 1
 16 50 1
 17 1 1
 17 3 1
 17 4 1
 17 6 1
 17 7 1
 17 8 1
 17 9 1
 17 10 1
 17 16 1
 17 18 1
 17 19 1
 17 20 1
 17 21 1
 17 24 1
 17 28 1
 17 29 1
 17 31 1
 17 32 1
 17 34 1
 17 36 1
 17 37 1
 17 39 1
 17 40 1
 17 41 1
 17 42 1
 17 43 1
 17 44 1
 17 46 1
 17 48 1
 17 49 1
 18 1 1
 18 7 1
 18 8 1
 18 9 1
 18 15 1
 18 16 1
 18 20 1
 18 21 1
 18 23 1
 18 25 1
 18 26 1
 18 28 1
 18 30 1
 18 31 1
 18 35 1
 18 39 1
 18 40 1
 18 43 1
 18 46 1
 18 47 1
 18 48 1
 18 50 1
 19 1 1
 19 4 1
 19 5 1
 19 8 1
 19 10 1
 19 11 1
 19 12 1
 19 13 1
 19 14 1
 19 17 1
 19 20 1
 19 23 1
 19 24 1
 19 25 1
 19 26 1
 19 27 1
 19 28 1
 19 31 1
 19 32 1
 19 33 1
 19 34 1
 19 35 1
 19 36 1
 19 37 1
 19 39 1
 19 40 1
 19 41 1
 19 42 1
 19 45 1
 19 47 1
 19 48 1
 19 49 1
 19 50 1
 20 1 1
 20 2 1
 20 3 1
 20 4 1
 20 6 1
 20 8 1
 20 9 1
 20 11 1
 20 13 1
 20 14 1
 20 15 1
 20 17 1
 20 18 1
 20 21 1
 20 24 1
 20 25 1
 20 27 1
 20 28 1
 20 29 1
 20 30 1
 20 31 1
 20 33 1
 20 35 1
 20 37 1
 20 38 1
 20 40 1
 20 41 1
 20 42 1
 20 43 1
 20 44 1
 20 46 1
 20 47 1
 20 48 1
 20 49 1
 21 1 1
 21 2 1
 21 6 1
 21 11 1
 21 13 1
 21 15 1
 21 17 1
 21 19 1
 21 23 1
 21 25 1
 21 28 1
 21 30 1
 21 31 1
 21 33 1
 21 34 1
 21 35 1
 21 37 1
 21 38 1
 21 40 1
 21 42 1
 21 45 1
 21 47 1
 21 48 1
 21 49 1
 22 1 1
 22 2 1
 22 3 1
 22 4 1
 22 5 1
 22 6 1
 22 9 1
 22 10 1
 22 12 1
 22 13 1
 22 15 1
 22 17 1
 22 19 1
 22 20 1
 22 21 1
 22 23 1
 22 26 1
 22 27 1
 22 28 1
 22 29 1
 22 30 1
 22 31 1
 22 33 1
 22 34 1
 22 35 1
 22 36 1
 22 37 1
 22 38 1
 22 42 1
 22 44 1
 22 47 1
 22 49 1
 22 50 1
 23 1 1
 23 5 1
 23 8 1
 23 11 1
 23 12 1
 23 13 1
 23 14 1
 23 15 1
 23 18 1
 23 19 1
 23 20 1
 23 24 1
 23 25 1
 23 26 1
 23 27 1
 23 30 1
 23 31 1
 23 32 1
 23 35 1
 23 36 1
 23 38 1
 23 40 1
 23 41 1
 23 45 1
 23 46 1
 23 47 1
 23 49 1
 23 50 1
 24 1 1
 24 2 1
 24 6 1
 24 7 1
 24 8 1
 24 10 1
 24 11 1
 24 15 1
 24 16 1
 24 18 1
 24 19 1
 24 23 1
 24 25 1
 24 26 1
 24 27 1
 24 28 1
 24 29 1
 24 30 1
 24 31 1
 24 34 1
 24 36 1
 24 37 1
 24 38 1
 24 39 1
 24 40 1
 24 41 1
 24 42 1
 24 43 1
 24 44 1
 24 47 1
 24 48 1
 25 2 1
 25 3 1
 25 4 1
 25 6 1
 25 8 1
 25 9 1
 25 10 1
 25 11 1
 25 14 1
 25 15 1
 25 16 1
 25 19 1
 25 20 1
 25 24 1
 25 27 1
 25 29 1
 25 31 1
 25 32 1
 25 37 1
 25 39 1
 25 40 1
 25 45 1
 25 46 1
 25 48 1
 25 49 1
 25 50 1
 26 1 1
 26 2 1
 26 5 1
 26 6 1
 26 7 1
 26 8 1
 26 9 1
 26 11 1
 26 12 1
 26 16 1
 26 18 1
 26 19 1
 26 20 1
 26 21 1
 26 22 1
 26 24 1
 26 25 1
 26 27 1
 26 29 1
 26 31 1
 26 32 1
 26 36 1
 26 39 1
 26 41 1
 26 42 1
 26 43 1
 26 45 1
 26 47 1
 26 49 1
 27 1 1
 27 2 1
 27 3 1
 27 4 1
 27 5 1
 27 8 1
 27 10 1
 27 12 1
 27 14 1
 27 15 1
 27 18 1
 27 19 1
 27 20 1
 27 21 1
 27 23 1
 27 24 1
 27 25 1
 27 28 1
 27 29 1
 27 32 1
 27 33 1
 27 34 1
 27 35 1
 27 36 1
 27 39 1
 27 41 1
 27 42 1
 27 45 1
 27 46 1
 27 47 1
 27 49 1
 27 50 1
 28 1 1
 28 4 1
 28 6 1
 28 7 1
 28 8 1
 28 9 1
 28 10 1
 28 11 1
 28 13 1
 28 14 1
 28 15 1
 28 17 1
 28 18 1
 28 22 1
 28 23 1
 28 24 1
 28 25 1
 28 26 1
 28 27 1
 28 29 1
 28 31 1
 28 34 1
 28 36 1
 28 38 1
 28 42 1
 28 43 1
 28 45 1
 28 49 1
 28 50 1
 29 1 1
 29 2 1
 29 8 1
 29 10 1
 29 11 1
 29 14 1
 29 16 1
 29 20 1
 29 21 1
 29 22 1
 29 24 1
 29 25 1
 29 30 1
 29 33 1
 29 35 1
 29 38 1
 29 41 1
 29 43 1
 29 44 1
 29 45 1
 29 46 1
 29 47 1
 29 48 1
 29 49 1
 30 1 1
 30 3 1
 30 5 1
 30 6 1
 30 8 1
 30 13 1
 30 14 1
 30 16 1
 30 17 1
 30 19 1
 30 20 1
 30 21 1
 30 22 1
 30 25 1
 30 26 1
 30 27 1
 30 29 1
 30 31 1
 30 33 1
 30 34 1
 30 36 1
 30 37 1
 30 39 1
 30 41 1
 30 42 1
 30 43 1
 30 50 1
 31 1 1
 31 2 1
 31 5 1
 31 8 1
 31 10 1
 31 11 1
 31 12 1
 31 14 1
 31 16 1
 31 17 1
 31 18 1
 31 19 1
 31 21 1
 31 22 1
 31 23 1
 31 24 1
 31 26 1
 31 27 1
 31 28 1
 31 29 1
 31 30 1
 31 32 1
 31 34 1
 31 35 1
 31 37 1
 31 38 1
 31 40 1
 31 41 1
 31 43 1
 31 44 1
 31 46 1
 31 50 1
 32 1 1
 32 2 1
 32 4 1
 32 5 1
 32 6 1
