# Created by Octave 4.2.2, Mon Dec 13 20:30:32 2021 CST <lqg@qiguanglin-LC1>
# name: Map
# type: matrix
# rows: 916
# columns: 3
 1 2 1
 1 4 1
 1 6 1
 1 8 1
 1 11 1
 1 12 1
 1 13 1
 1 14 1
 1 15 1
 1 17 1
 1 19 1
 1 21 1
 1 22 1
 1 23 1
 1 26 1
 1 27 1
 1 28 1
 1 29 1
 1 33 1
 1 37 1
 1 39 1
 2 4 1
 2 5 1
 2 8 1
 2 10 1
 2 11 1
 2 12 1
 2 13 1
 2 15 1
 2 17 1
 2 18 1
 2 19 1
 2 22 1
 2 25 1
 2 26 1
 2 28 1
 2 29 1
 2 30 1
 2 31 1
 2 33 1
 2 34 1
 2 35 1
 2 37 1
 3 2 1
 3 5 1
 3 6 1
 3 8 1
 3 10 1
 3 11 1
 3 13 1
 3 15 1
 3 17 1
 3 20 1
 3 21 1
 3 22 1
 3 23 1
 3 31 1
 3 33 1
 3 36 1
 3 38 1
 3 39 1
 3 40 1
 4 1 1
 4 2 1
 4 3 1
 4 5 1
 4 8 1
 4 9 1
 4 10 1
 4 14 1
 4 15 1
 4 16 1
 4 18 1
 4 19 1
 4 21 1
 4 26 1
 4 29 1
 4 31 1
 4 33 1
 4 34 1
 4 35 1
 4 36 1
 4 40 1
 5 1 1
 5 4 1
 5 8 1
 5 10 1
 5 11 1
 5 12 1
 5 15 1
 5 16 1
 5 17 1
 5 18 1
 5 20 1
 5 21 1
 5 22 1
 5 23 1
 5 24 1
 5 25 1
 5 28 1
 5 29 1
 5 30 1
 5 33 1
 5 35 1
 5 36 1
 5 37 1
 5 38 1
 5 39 1
 6 1 1
 6 2 1
 6 4 1
 6 5 1
 6 7 1
 6 14 1
 6 15 1
 6 16 1
 6 17 1
 6 19 1
 6 20 1
 6 22 1
 6 24 1
 6 26 1
 6 27 1
 6 30 1
 6 32 1
 6 33 1
 6 34 1
 6 37 1
 6 38 1
 7 1 1
 7 3 1
 7 5 1
 7 6 1
 7 9 1
 7 10 1
 7 13 1
 7 14 1
 7 15 1
 7 16 1
 7 19 1
 7 20 1
 7 21 1
 7 22 1
 7 23 1
 7 25 1
 7 27 1
 7 28 1
 7 29 1
 7 30 1
 7 32 1
 7 33 1
 7 40 1
 8 1 1
 8 2 1
 8 3 1
 8 6 1
 8 7 1
 8 10 1
 8 12 1
 8 15 1
 8 17 1
 8 21 1
 8 23 1
 8 25 1
 8 26 1
 8 27 1
 8 29 1
 8 31 1
 8 33 1
 8 34 1
 8 37 1
 8 38 1
 8 40 1
 9 2 1
 9 4 1
 9 5 1
 9 6 1
 9 8 1
 9 10 1
 9 12 1
 9 14 1
 9 15 1
 9 17 1
 9 18 1
 9 20 1
 9 21 1
 9 22 1
 9 23 1
 9 25 1
 9 27 1
 9 28 1
 9 29 1
 9 30 1
 9 31 1
 9 32 1
 9 33 1
 9 34 1
 9 35 1
 9 36 1
 9 37 1
 9 38 1
 10 1 1
 10 3 1
 10 4 1
 10 5 1
 10 7 1
 10 12 1
 10 13 1
 10 14 1
 10 15 1
 10 16 1
 10 17 1
 10 19 1
 10 20 1
 10 21 1
 10 24 1
 10 25 1
 10 27 1
 10 28 1
 10 29 1
 10 30 1
 10 32 1
 10 33 1
 10 35 1
 10 37 1
 10 38 1
 10 40 1
 11 2 1
 11 4 1
 11 6 1
 11 9 1
 11 10 1
 11 13 1
 11 14 1
 11 15 1
 11 16 1
 11 17 1
 11 18 1
 11 19 1
 11 25 1
 11 26 1
 11 27 1
 11 28 1
 11 29 1
 11 31 1
 11 33 1
 11 36 1
 11 38 1
 11 39 1
 12 5 1
 12 6 1
 12 7 1
 12 8 1
 12 9 1
 12 15 1
 12 16 1
 12 17 1
 12 18 1
 12 20 1
 12 21 1
 12 26 1
 12 27 1
 12 28 1
 12 29 1
 12 30 1
 12 32 1
 12 33 1
 12 34 1
 12 35 1
 12 37 1
 12 38 1
 12 40 1
 13 1 1
 13 2 1
 13 4 1
 13 6 1
 13 8 1
 13 10 1
 13 12 1
 13 19 1
 13 20 1
 13 24 1
 13 27 1
 13 28 1
 13 30 1
 13 31 1
 13 32 1
 13 33 1
 13 34 1
 13 35 1
 13 37 1
 13 38 1
 14 1 1
 14 2 1
 14 4 1
 14 7 1
 14 11 1
 14 13 1
 14 15 1
 14 19 1
 14 22 1
 14 23 1
 14 24 1
 14 25 1
 14 26 1
 14 28 1
 14 29 1
 14 33 1
 14 35 1
 14 36 1
 14 38 1
 15 2 1
 15 6 1
 15 7 1
 15 8 1
 15 9 1
 15 12 1
 15 14 1
 15 16 1
 15 17 1
 15 18 1
 15 19 1
 15 20 1
 15 21 1
 15 23 1
 15 24 1
 15 25 1
 15 27 1
 15 28 1
 15 29 1
 15 31 1
 15 32 1
 15 33 1
 15 34 1
 15 35 1
 15 36 1
 15 39 1
 15 40 1
 16 2 1
 16 3 1
 16 5 1
 16 9 1
 16 11 1
 16 12 1
 16 13 1
 16 15 1
 16 17 1
 16 21 1
 16 23 1
 16 24 1
 16 25 1
 16 26 1
 16 27 1
 16 28 1
 16 29 1
 16 33 1
 16 36 1
 16 37 1
 16 38 1
 16 39 1
 16 40 1
 17 1 1
 17 2 1
 17 3 1
 17 5 1
 17 7 1
 17 10 1
 17 12 1
 17 14 1
 17 15 1
 17 16 1
 17 18 1
 17 20 1
 17 21 1
 17 22 1
 17 24 1
 17 25 1
 17 26 1
 17 27 1
 17 28 1
 17 29 1
 17 31 1
 17 33 1
 17 34 1
 17 35 1
 17 36 1
 17 37 1
 17 38 1
 18 2 1
 18 5 1
 18 7 1
 18 8 1
 18 9 1
 18 11 1
 18 16 1
 18 19 1
 18 23 1
 18 25 1
 18 27 1
 18 31 1
 18 32 1
 18 34 1
 18 35 1
 18 39 1
 18 40 1
 19 2 1
 19 4 1
 19 5 1
 19 7 1
 19 8 1
 19 9 1
 19 11 1
 19 12 1
 19 14 1
 19 15 1
 19 16 1
 19 18 1
 19 20 1
 19 22 1
 19 25 1
 19 26 1
 19 27 1
 19 29 1
 19 31 1
 19 32 1
 19 35 1
 19 36 1
 19 37 1
 19 38 1
 19 39 1
 19 40 1
 20 2 1
 20 3 1
 20 7 1
 20 8 1
 20 9 1
 20 10 1
 20 13 1
 20 14 1
 20 16 1
 20 19 1
 20 21 1
 20 22 1
 20 23 1
 20 24 1
 20 25 1
 20 28 1
 20 29 1
 20 30 1
 20 31 1
 20 32 1
 20 33 1
 20 35 1
 20 38 1
 20 39 1
 20 40 1
 21 2 1
 21 4 1
 21 7 1
 21 9 1
 21 10 1
 21 12 1
 21 16 1
 21 17 1
 21 20 1
 21 22 1
 21 25 1
 21 26 1
 21 29 1
 21 30 1
 21 33 1
 21 35 1
 21 38 1
 21 40 1
 22 1 1
 22 4 1
 22 8 1
 22 11 1
 22 12 1
 22 13 1
 22 14 1
 22 16 1
 22 17 1
 22 18 1
 22 21 1
 22 23 1
 22 24 1
 22 26 1
 22 27 1
 22 28 1
 22 29 1
 22 31 1
 22 34 1
 22 38 1
 22 40 1
 23 3 1
 23 5 1
 23 6 1
 23 7 1
 23 8 1
 23 9 1
 23 10 1
 23 11 1
 23 12 1
 23 13 1
 23 14 1
 23 15 1
 23 16 1
 23 19 1
 23 20 1
 23 21 1
 23 22 1
 23 24 1
 23 25 1
 23 26 1
 23 29 1
 23 30 1
 23 31 1
 23 32 1
 23 33 1
 23 34 1
 23 35 1
 23 37 1
 23 40 1
 24 1 1
 24 2 1
 24 6 1
 24 8 1
 24 9 1
 24 10 1
 24 13 1
 24 15 1
 24 16 1
 24 17 1
 24 18 1
 24 20 1
 24 22 1
 24 23 1
 24 25 1
 24 26 1
 24 28 1
 24 29 1
 24 30 1
 24 31 1
 24 32 1
 24 34 1
 24 35 1
 24 36 1
 24 39 1
 25 2 1
 25 3 1
 25 6 1
 25 7 1
 25 13 1
 25 16 1
 25 20 1
 25 23 1
 25 26 1
 25 27 1
 25 28 1
 25 29 1
 25 30 1
 25 32 1
 25 33 1
 25 34 1
 25 35 1
 25 36 1
 25 37 1
 25 39 1
 25 40 1
 26 1 1
 26 2 1
 26 4 1
 26 8 1
 26 9 1
 26 10 1
 26 11 1
 26 12 1
 26 15 1
 26 16 1
 26 18 1
 26 19 1
 26 24 1
 26 25 1
 26 28 1
 26 30 1
 26 31 1
 26 33 1
 26 34 1
 26 35 1
 26 37 1
 26 38 1
 26 39 1
 26 40 1
 27 1 1
 27 2 1
 27 4 1
 27 9 1
 27 11 1
 27 12 1
 27 13 1
 27 14 1
 27 16 1
 27 18 1
 27 20 1
 27 28 1
 27 29 1
 27 30 1
 27 31 1
 27 38 1
 27 39 1
 27 40 1
 28 1 1
 28 3 1
 28 4 1
 28 7 1
 28 8 1
 28 12 1
 28 14 1
 28 16 1
 28 17 1
 28 18 1
 28 19 1
 28 20 1
 28 21 1
 28 25 1
 28 26 1
 28 27 1
 28 30 1
 28 31 1
 28 32 1
 28 35 1
 28 38 1
 28 39 1
 28 40 1
 29 4 1
 29 5 1
 29 6 1
 29 7 1
 29 8 1
 29 9 1
 29 10 1
 29 12 1
 29 13 1
 29 15 1
 29 16 1
 29 17 1
 29 18 1
 29 21 1
 29 22 1
 29 23 1
 29 24 1
 29 25 1
 29 26 1
 29 27 1
 29 31 1
 29 32 1
 29 33 1
 29 34 1
 29 36 1
 29 37 1
 29 39 1
 30 1 1
 30 2 1
 30 3 1
 30 4 1
 30 5 1
 30 6 1
 30 7 1
 30 9 1
 30 10 1
 30 11 1
 30 14 1
 30 15 1
 30 17 1
 30 18 1
 30 19 1
 30 20 1
 30 21 1
 30 22 1
 30 23 1
 30 27 1
 30 28 1
 30 31 1
 30 32 1
 30 34 1
 30 35 1
 30 36 1
 30 37 1
 30 39 1
 31 3 1
 31 4 1
 31 5 1
 31 7 1
 31 9 1
 31 10 1
 31 11 1
 31 13 1
 31 14 1
 31 17 1
 31 19 1
 31 20 1
 31 21 1
 31 24 1
 31 25 1
 31 26 1
 31 30 1
 31 32 1
 31 34 1
 31 35 1
 31 37 1
 31 38 1
 31 39 1
 32 1 1
 32 2 1
 32 3 1
 32 7 1
 32 8 1
 32 12 1
 32 13 1
 32 14 1
 32 15 1
 32 16 1
 32 17 1
 32 22 1
 32 23 1
 32 26 1
 32 29 1
 32 30 1
 32 31 1
 32 34 1
 32 37 1
 33 3 1
 33 4 1
 33 6 1
 33 8 1
 33 9 1
 33 13 1
 33 15 1
 33 18 1
 33 19 1
 33 21 1
 33 22 1
 33 24 1
 33 27 1
 33 32 1
 33 35 1
 33 36 1
 33 37 1
 33 38 1
 33 39 1
 33 40 1
 34 1 1
 34 3 1
 34 8 1
 34 11 1
 34 14 1
 34 15 1
 34 18 1
 34 21 1
 34 22 1
 34 24 1
 34 27 1
 34 35 1
 34 36 1
 34 37 1
 34 38 1
 35 1 1
 35 3 1
 35 4 1
 35 5 1
 35 6 1
 35 7 1
 35 9 1
 35 10 1
 35 12 1
 35 13 1
 35 17 1
 35 18 1
 35 19 1
 35 20 1
 35 21 1
 35 23 1
 35 24 1
 35 25 1
 35 26 1
 35 28 1
 35 29 1
 35 30 1
 35 31 1
 35 32 1
 35 34 1
 35 36 1
 35 40 1
 36 2 1
 36 3 1
 36 4 1
 36 5 1
 36 6 1
 36 9 1
 36 10 1
 36 11 1
 36 13 1
 36 14 1
 36 16 1
 36 21 1
 36 22 1
 36 24 1
 36 25 1
 36 26 1
 36 27 1
 36 29 1
 36 30 1
 36 31 1
 36 33 1
 36 35 1
 36 39 1
 37 2 1
 37 6 1
 37 9 1
 37 10 1
 37 11 1
 37 12 1
 37 13 1
 37 14 1
 37 16 1
 37 19 1
 37 20 1
 37 21 1
 37 23 1
 37 25 1
 37 26 1
 37 27 1
 37 28 1
 37 29 1
 37 33 1
 37 36 1
 37 39 1
 37 40 1
 38 1 1
 38 2 1
 38 5 1
 38 6 1
 38 7 1
 38 11 1
 38 12 1
 38 13 1
 38 14 1
 38 15 1
 38 16 1
 38 17 1
 38 18 1
 38 19 1
 38 20 1
 38 21 1
 38 22 1
 38 23 1
 38 25 1
 38 26 1
 38 29 1
 38 30 1
 38 31 1
 38 33 1
 38 34 1
 38 35 1
 38 39 1
 38 40 1
 39 2 1
 39 4 1
 39 5 1
 39 7 1
 39 9 1
 39 10 1
 39 11 1
 39 14 1
 39 18 1
 39 19 1
 39 20 1
 39 22 1
 39 23 1
 39 24 1
 39 25 1
 39 26 1
 39 27 1
 39 28 1
 39 29 1
 39 30 1
 39 31 1
 39 32 1
 39 33 1
 39 35 1
 39 36 1
 39 38 1
 39 40 1
 40 6 1
 40 8 1
 40 10 1
 40 13 1
 40 16 1
 40 17 1
 40 18 1
 40 19 1
 40 20 1
 40 21 1
 40 22 1
 40 23 1
 40 25 1
 40 26 1
 40 27 1
 40 28 1
 40 30 1
 40 32 1
 40 33 1
 40 34 1
 40 35 1
 40 37 1


