# Created by Octave 4.2.2, Mon Dec 13 20:30:40 2021 CST <lqg@qiguanglin-LC1>
# name: Map
# type: matrix
# rows: 1434
# columns: 3
 1 2 1
 1 3 1
 1 4 1
 1 5 1
 1 6 1
 1 7 1
 1 8 1
 1 10 1
 1 12 1
 1 13 1
 1 15 1
 1 18 1
 1 19 1
 1 20 1
 1 21 1
 1 22 1
 1 24 1
 1 25 1
 1 28 1
 1 31 1
 1 32 1
 1 33 1
 1 37 1
 1 39 1
 1 40 1
 1 45 1
 1 46 1
 1 47 1
 1 48 1
 1 50 1
 2 1 1
 2 4 1
 2 6 1
 2 7 1
 2 8 1
 2 11 1
 2 13 1
 2 16 1
 2 18 1
 2 22 1
 2 24 1
 2 27 1
 2 28 1
 2 29 1
 2 32 1
 2 33 1
 2 34 1
 2 36 1
 2 38 1
 2 39 1
 2 40 1
 2 45 1
 2 46 1
 2 48 1
 2 49 1
 3 2 1
 3 4 1
 3 6 1
 3 7 1
 3 9 1
 3 11 1
 3 14 1
 3 16 1
 3 17 1
 3 18 1
 3 20 1
 3 21 1
 3 22 1
 3 23 1
 3 27 1
 3 28 1
 3 29 1
 3 32 1
 3 33 1
 3 39 1
 3 41 1
 3 44 1
 3 46 1
 3 47 1
 3 48 1
 3 50 1
 4 1 1
 4 2 1
 4 6 1
 4 7 1
 4 12 1
 4 15 1
 4 19 1
 4 23 1
 4 26 1
 4 28 1
 4 34 1
 4 35 1
 4 37 1
 4 39 1
 4 43 1
 4 45 1
 4 46 1
 4 47 1
 4 48 1
 4 49 1
 5 1 1
 5 2 1
 5 3 1
 5 4 1
 5 6 1
 5 8 1
 5 9 1
 5 10 1
 5 12 1
 5 13 1
 5 14 1
 5 15 1
 5 16 1
 5 18 1
 5 19 1
 5 20 1
 5 21 1
 5 22 1
 5 24 1
 5 25 1
 5 28 1
 5 29 1
 5 31 1
 5 35 1
 5 36 1
 5 39 1
 5 40 1
 5 41 1
 5 42 1
 5 43 1
 5 45 1
 5 46 1
 5 49 1
 5 50 1
 6 1 1
 6 3 1
 6 4 1
 6 9 1
 6 11 1
 6 13 1
 6 14 1
 6 16 1
 6 18 1
 6 22 1
 6 23 1
 6 24 1
 6 27 1
 6 28 1
 6 30 1
 6 31 1
 6 32 1
 6 33 1
 6 35 1
 6 36 1
 6 37 1
 6 38 1
 6 41 1
 6 43 1
 6 44 1
 6 45 1
 6 50 1
 7 1 1
 7 2 1
 7 3 1
 7 4 1
 7 8 1
 7 9 1
 7 10 1
 7 11 1
 7 13 1
 7 15 1
 7 17 1
 7 18 1
 7 20 1
 7 21 1
 7 23 1
 7 26 1
 7 27 1
 7 29 1
 7 31 1
 7 32 1
 7 33 1
 7 35 1
 7 36 1
 7 37 1
 7 39 1
 7 41 1
 7 42 1
 7 43 1
 7 45 1
 7 46 1
 7 48 1
 7 50 1
 8 1 1
 8 2 1
 8 4 1
 8 5 1
 8 7 1
 8 9 1
 8 10 1
 8 11 1
 8 12 1
 8 13 1
 8 15 1
 8 19 1
 8 20 1
 8 22 1
 8 23 1
 8 26 1
 8 27 1
 8 29 1
 8 31 1
 8 32 1
 8 34 1
 8 36 1
 8 37 1
 8 38 1
 8 39 1
 8 41 1
 8 42 1
 8 45 1
 8 46 1
 8 48 1
 8 49 1
 9 1 1
 9 2 1
 9 4 1
 9 5 1
 9 6 1
 9 8 1
 9 10 1
 9 11 1
 9 12 1
 9 17 1
 9 18 1
 9 20 1
 9 22 1
 9 24 1
 9 26 1
 9 27 1
 9 28 1
 9 29 1
 9 31 1
 9 34 1
 9 35 1
 9 38 1
 9 42 1
 9 43 1
 9 44 1
 9 45 1
 9 46 1
 9 48 1
 9 49 1
 9 50 1
 10 1 1
 10 5 1
 10 6 1
 10 7 1
 10 8 1
 10 9 1
 10 12 1
 10 13 1
 10 15 1
 10 16 1
 10 17 1
 10 18 1
 10 20 1
 10 21 1
 10 22 1
 10 23 1
 10 25 1
 10 26 1
 10 27 1
 10 31 1
 10 32 1
 10 33 1
 10 35 1
 10 37 1
 10 38 1
 10 39 1
 10 40 1
 10 42 1
 10 44 1
 10 46 1
 10 50 1
 11 1 1
 11 2 1
 11 3 1
 11 4 1
 11 6 1
 11 7 1
 11 9 1
 11 12 1
 11 13 1
 11 14 1
 11 17 1
 11 18 1
 11 19 1
 11 20 1
 11 25 1
 11 30 1
 11 36 1
 11 38 1
 11 39 1
 11 40 1
 11 41 1
 11 45 1
 11 48 1
 11 49 1
 11 50 1
 12 2 1
 12 3 1
 12 4 1
 12 9 1
 12 10 1
 12 13 1
 12 14 1
 12 16 1
 12 18 1
 12 19 1
 12 21 1
 12 22 1
 12 23 1
 12 24 1
 12 26 1
 12 30 1
 12 34 1
 12 35 1
 12 37 1
 12 38 1
 12 39 1
 12 40 1
 12 42 1
 12 47 1
 12 48 1
 12 49 1
 12 50 1
 13 1 1
 13 2 1
 13 3 1
 13 4 1
 13 6 1
 13 7 1
 13 9 1
 13 10 1
 13 11 1
 13 14 1
 13 16 1
 13 17 1
 13 18 1
 13 21 1
 13 22 1
 13 25 1
 13 28 1
 13 29 1
 13 30 1
 13 31 1
 13 33 1
 13 35 1
 13 36 1
 13 37 1
 13 39 1
 13 41 1
 13 44 1
 13 45 1
 13 46 1
 13 49 1
 14 1 1
 14 4 1
 14 5 1
 14 8 1
 14 10 1
 14 17 1
 14 19 1
 14 21 1
 14 22 1
 14 26 1
 14 27 1
 14 29 1
 14 32 1
 14 33 1
 14 34 1
 14 35 1
 14 36 1
 14 39 1
 14 41 1
 14 42 1
 14 43 1
 14 46 1
 14 47 1
 14 49 1
 14 50 1
 15 2 1
 15 5 1
 15 6 1
 15 7 1
 15 8 1
 15 9 1
 15 10 1
 15 13 1
 15 14 1
 15 16 1
 15 17 1
 15 19 1
 15 21 1
 15 24 1
 15 25 1
 15 27 1
 15 28 1
 15 29 1
 15 30 1
 15 31 1
 15 33 1
 15 34 1
 15 35 1
 15 36 1
 15 38 1
 15 39 1
 15 40 1
 15 41 1
 15 42 1
 15 43 1
 15 44 1
 15 45 1
 15 47 1
 15 49 1
 15 50 1
 16 1 1
 16 2 1
 16 3 1
 16 4 1
 16 5 1
 16 6 1
 16 7 1
 16 8 1
 16 9 1
 16 10 1
 16 12 1
 16 15 1
 16 18 1
 16 22 1
 16 25 1
 16 26 1
 16 27 1
 16 30 1
 16 32 1
 16 33 1
 16 35 1
 16 36 1
 16 37 1
 16 38 1
 16 40 1
 16 42 1
 16 43 1
 16 44 1
 16 46 1
 16 47 1
 16 48 1
 16 50 1
 17 1 1
 17 3 1
 17 4 1
 17 6 1
 17 7 1
 17 10 1
 17 11 1
 17 13 1
 17 15 1
 17 16 1
 17 20 1
 17 23 1
 17 25 1
 17 26 1
 17 27 1
 17 33 1
 17 34 1
 17 37 1
 17 38 1
 17 39 1
 17 41 1
 17 43 1
 17 49 1
 17 50 1
 18 3 1
 18 5 1
 18 6 1
 18 8 1
 18 9 1
 18 11 1
 18 12 1
 18 13 1
 18 14 1
 18 15 1
 18 16 1
 18 17 1
 18 19 1
 18 24 1
 18 28 1
 18 29 1
 18 31 1
 18 32 1
 18 33 1
 18 34 1
 18 36 1
 18 38 1
 18 40 1
 18 41 1
 18 42 1
 18 43 1
 18 44 1
 18 48 1
 18 49 1
 18 50 1
 19 1 1
 19 2 1
 19 5 1
 19 10 1
 19 11 1
 19 12 1
 19 14 1
 19 15 1
 19 17 1
 19 18 1
 19 20 1
 19 22 1
 19 23 1
 19 27 1
 19 29 1
 19 30 1
 19 33 1
 19 34 1
 19 35 1
 19 36 1
 19 37 1
 19 38 1
 19 39 1
 19 40 1
 19 41 1
 19 43 1
 19 45 1
 19 47 1
 19 49 1
 20 1 1
 20 2 1
 20 3 1
 20 4 1
 20 5 1
 20 7 1
 20 10 1
 20 11 1
 20 12 1
 20 13 1
 20 15 1
 20 16 1
 20 18 1
 20 19 1
 20 21 1
 20 24 1
 20 26 1
 20 28 1
 20 29 1
 20 30 1
 20 32 1
 20 33 1
 20 34 1
 20 37 1
 20 40 1
 20 42 1
 20 43 1
 20 44 1
 20 47 1
 20 48 1
 20 50 1
 21 1 1
 21 2 1
 21 3 1
 21 4 1
 21 5 1
 21 9 1
 21 10 1
 21 11 1
 21 12 1
 21 14 1
 21 18 1
 21 20 1
 21 22 1
 21 23 1
 21 24 1
 21 26 1
 21 28 1
 21 29 1
 21 30 1
 21 31 1
 21 32 1
 21 34 1
 21 36 1
 21 37 1
 21 38 1
 21 42 1
 21 43 1
 21 45 1
 21 46 1
 21 47 1
 21 49 1
 21 50 1
 22 1 1
 22 3 1
 22 6 1
 22 7 1
 22 8 1
 22 9 1
 22 11 1
 22 13 1
 22 15 1
 22 16 1
 22 18 1
 22 19 1
 22 21 1
 22 25 1
 22 26 1
 22 27 1
 22 28 1
 22 29 1
 22 30 1
 22 31 1
 22 33 1
 22 35 1
 22 37 1
 22 38 1
 22 40 1
 22 41 1
 22 42 1
 22 47 1
 22 48 1
 22 49 1
 22 50 1
 23 4 1
 23 6 1
 23 7 1
 23 8 1
 23 9 1
 23 11 1
 23 12 1
 23 13 1
 23 15 1
 23 16 1
 23 17 1
 23 19 1
 23 22 1
 23 24 1
 23 26 1
 23 28 1
 23 30 1
 23 31 1
 23 38 1
 23 39 1
 23 40 1
 23 45 1
 23 49 1
 23 50 1
 24 1 1
 24 2 1
 24 10 1
 24 12 1
 24 13 1
 24 15 1
 24 16 1
 24 17 1
 24 18 1
 24 19 1
 24 20 1
 24 25 1
 24 28 1
 24 30 1
 24 31 1
 24 32 1
 24 36 1
 24 39 1
 24 40 1
 24 42 1
 24 43 1
 24 45 1
 24 46 1
 24 48 1
 24 49 1
 24 50 1
 25 4 1
 25 5 1
 25 6 1
 25 7 1
 25 9 1
 25 10 1
 25 12 1
 25 13 1
 25 15 1
 25 16 1
 25 18 1
 25 19 1
 25 20 1
 25 21 1
 25 28 1
 25 29 1
 25 31 1
 25 34 1
 25 35 1
 25 36 1
 25 37 1
 25 39 1
 25 40 1
 25 41 1
 25 43 1
 25 45 1
 25 46 1
 25 47 1
 25 48 1
 25 50 1
 26 4 1
 26 6 1
 26 9 1
 26 11 1
 26 14 1
 26 15 1
 26 17 1
 26 18 1
 26 20 1
 26 21 1
 26 23 1
 26 24 1
 26 25 1
 26 28 1
 26 29 1
 26 30 1
 26 31 1
 26 32 1
 26 33 1
 26 35 1
 26 36 1
 26 37 1
 26 38 1
 26 39 1
 26 44 1
 26 47 1
 26 50 1
 27 1 1
 27 3 1
 27 8 1
 27 9 1
 27 11 1
 27 13 1
 27 15 1
 27 16 1
 27 18 1
 27 19 1
 27 21 1
 27 22 1
 27 24 1
 27 25 1
 27 26 1
 27 28 1
 27 29 1
 27 32 1
 27 34 1
 27 35 1
 27 36 1
 27 38 1
 27 40 1
 27 41 1
 27 43 1
 27 45 1
 27 46 1
 27 47 1
 27 48 1
 27 49 1
 27 50 1
 28 1 1
 28 2 1
 28 3 1
 28 4 1
 28 5 1
 28 11 1
 28 13 1
 28 14 1
 28 16 1
 28 17 1
 28 19 1
 28 21 1
 28 24 1
 28 25 1
 28 27 1
 28 29 1
 28 33 1
 28 36 1
 28 40 1
 28 41 1
 28 42 1
 28 44 1
 28 46 1
 29 1 1
 29 3 1
 29 5 1
 29 6 1
 29 7 1
 29 8 1
 29 9 1
 29 10 1
 29 12 1
 29 14 1
 29 16 1
 29 17 1
 29 18 1
 29 20 1
 29 23 1
 29 24 1
 29 25 1
 29 33 1
 29 34 1
 29 35 1
 29 37 1
 29 38 1
 29 39 1
 29 40 1
 29 42 1
 29 45 1
 29 49 1
 29 50 1
 30 1 1
 30 2 1
 30 3 1
 30 6 1
 30 10 1
 30 11 1
 30 14 1
 30 15 1
 30 16 1
 30 17 1
 30 20 1
 30 21 1
 30 22 1
 30 24 1
 30 25 1
 30 26 1
 30 28 1
 30 29 1
 30 32 1
 30 33 1
 30 34 1
 30 36 1
 30 37 1
 30 39 1
 30 40 1
 30 41 1
 30 42 1
 30 45 1
 30 47 1
 31 1 1
 31 3 1
 31 4 1
 31 6 1
 31 8 1
 31 9 1
 31 10 1
 31 14 1
 31 16 1
 31 18 1
 31 19 1
 31 22 1
 31 23 1
 31 24 1
 31 28 1
 31 29 1
 31 32 1
 31 33 1
 31 34 1
 31 36 1
 31 38 1
 31 40 1
 31 41 1
 31 44 1
 31 45 1
 31 46 1
 31 47 1
 31 49 1
 31 50 1
 32 2 1
 32 4 1
 32 5 1
 32 6 1
 32 7 1
 32 8 1
 32 9 1
 32 10 1
 32 11 1
 32 12 1
 32 14 1
 32 15 1
 32 16 1
 32 18 1
 32 19 1
 32 21 1
 32 24 1
 32 27 1
 32 28 1
 32 29 1
 32 30 1
 32 31 1
 32 33 1
 32 34 1
 32 35 1
 32 37 1
 32 38 1
 32 39 1
 32 40 1
 32 46 1
 32 47 1
 32 48 1
 33 2 1
 33 3 1
 33 4 1
 33 5 1
 33 6 1
 33 8 1
